ts,temp,hum,light,airq,pm25,pm10
33,1531152886,22.7,49,15.6,25,4,5
34,1531210157,27,50.7,363.1,25,5,6
35,1531210202,27.1,51.1,380.6,25,5,6
36,1531210274,27.1,48.6,385.6,25,6,7
37,1531210303,27.1,49.2,398.2,25,3,4
38,1531210601,27.1,48.1,399.5,25,6,7
39,1531210899,27.1,48.5,345.6,25,8,9
40,1531211198,27.1,48.7,390.7,25,5,6
41,1531211496,27,48.6,395.7,25,2,3
42,1531211795,26.9,48.7,390.7,25,7,8
43,1531212094,26.7,49.4,398.2,25,5,6
44,1531212392,26.7,49.7,380.6,25,6,7
45,1531212690,26.6,49.7,395.7,25,6,7
46,1531212989,26.6,50.1,388.2,25,5,6
47,1531213288,26.6,50.7,410.8,25,4,5
48,1531213586,26.6,50.5,403.2,38,5,6
49,1531213885,26.6,51.2,400.7,25,5,6
50,1531214184,26.7,51.4,410.8,30.4,6,7
51,1531214483,26.7,51.4,419.6,25,8,9
52,1531214784,26.6,52.8,423.4,25,6,7
53,1531215080,26.6,52.9,432.2,25,5,6
54,1531215378,26.5,52.7,425.9,35.9,6,7
55,1531215676,26.6,52.8,405.7,29.5,5,6
56,1531215976,26.6,53.1,418.3,25.6,5,6
57,1531216274,26.6,53.4,391.9,25,8,9
58,1531216573,26.6,53.5,407,40.3,7,8
59,1531216871,26.6,53.2,391.9,36.7,7,8
60,1531217170,26.5,53.8,405.7,25,9,10
61,1531217469,26.4,53.6,405.7,37.9,7,8
62,1531217768,26.4,53.7,412,31.6,6,7
63,1531218066,26.4,53.4,402,25,6,7
64,1531218364,26.4,53.4,408.3,31.6,5,6
65,1531218663,26.4,53.3,425.9,27.7,5,6
66,1531218962,26.4,53.2,414.5,25,7,8
67,1531219261,26.3,53.3,410.8,41.3,5,6
68,1531219558,26.3,53.2,388.2,38.6,7,8
69,1531219858,26.3,52.9,408.3,36.7,5,6
70,1531220157,26.3,52.9,408.3,36.1,6,7
71,1531220456,26.3,52.9,408.3,29.9,6,7
72,1531220753,26.2,52.8,400.7,25,9,10
73,1531221052,26.2,52.8,413.3,25,5,6
74,1531221351,26.2,52.9,410.8,25,5,6
75,1531221649,26.2,53,404.5,25,6,7
76,1531221948,26.2,53.1,403.2,28.9,5,6
77,1531222247,26.2,53.1,403.2,25,6,7
78,1531222545,26.2,53.1,400.7,25,6,7
79,1531222848,26.2,52.9,400.7,30.4,5,6
80,1531223142,26.1,53,409.5,25,5,6
81,1531223441,26.1,53.3,417.1,25,6,7
82,1531223739,26.1,53.4,436,31.3,5,6
83,1531224039,26.2,53.8,438.5,47.5,6,7
84,1531224337,26.2,53.5,438.5,78.4,4,5
85,1531224636,26.3,53.7,430.9,83.8,6,7
86,1531224938,26.2,53.8,434.7,85.2,5,6
87,1531225233,26.3,53.6,438.5,103,6,7
88,1531225533,26.3,53.5,390.7,101,5,6
89,1531225830,26.4,53.6,393.2,95.1,5,6
90,1531226129,26.4,53.6,388.2,107.6,5,6
91,1531226427,26.5,53,383.1,121.9,5,6
92,1531226726,26.5,53,370.6,139,4,5
93,1531227025,26.6,53.2,375.6,123.1,4,5
94,1531227323,26.6,53.1,370.6,139.1,4,5
95,1531227623,26.6,53.3,369.3,140.9,4,5
96,1531227920,26.7,53.1,365.6,141.9,4,5
97,1531228220,26.7,53.1,366.8,122.4,4,5
98,1531228518,26.8,53,370.6,139.6,6,7
99,1531228817,26.8,53.1,361.8,127.9,3,4
100,1531229115,26.8,52.9,364.3,150.7,5,6
101,1531229414,26.8,53,353.1,157.6,5,6
102,1531229712,26.8,52.8,349.3,169.5,3,4
103,1531230011,26.8,53.1,354.3,158.9,3,4
104,1531230309,26.8,52.9,299.8,164.1,4,5
105,1531230608,26.8,52.8,350.6,179.7,4,5
106,1531230907,26.9,52.7,303.8,159.4,4,5
107,1531231205,26.9,52.7,344.3,151.1,4,5
108,1531231504,26.8,52.6,296.4,141.6,4,5
109,1531231802,26.9,52.3,298.2,137.8,5,6
110,1531232101,26.9,52.2,293.3,132.3,8,9
111,1531232400,26.9,52.2,290.5,110.1,5,6
112,1531232699,26.9,52.2,287.7,121.8,4,5
113,1531232997,26.9,52,288.6,113.4,4,5
114,1531233296,26.9,51.8,288.9,104.9,4,5
115,1531233594,26.9,51.6,280.5,121.8,4,5
116,1531233893,26.9,51.9,255.4,115.9,4,5
117,1531234191,27,51.7,264.7,123.4,4,5
118,1531234490,26.9,51.4,276.2,130.5,5,6
119,1531234789,27,51.4,285.5,129,5,6
120,1531235087,27,51.2,294.8,133.2,5,6
121,1531235386,27,51.3,303.2,117,4,5
122,1531235684,27,51.3,279,139.1,4,5
123,1531235984,27,51,296,108.9,4,5
124,1531236283,27,50.7,368.1,100.8,5,6
125,1531236581,27,50.6,275.9,102,6,7
126,1531236879,27,50.3,278,96.2,7,8
127,1531237176,27.1,51.6,284.2,147.2,4,5
128,1531237477,27.2,50.9,298.5,137.3,4,5
129,1531237774,27.3,50.1,296.7,134.8,4,5
130,1531238073,27.3,49.6,303.8,126,4,5
131,1531238371,27.3,49.5,353.1,132.5,3,4
132,1531238670,27.3,48.9,360.6,117.9,3,4
133,1531238969,27.3,49.4,468.8,96.1,5,6
134,1531239267,27.4,49.4,478.9,92.5,5,6
135,1531239566,27.5,49.7,490.3,100.9,3,4
136,1531239864,27.6,49.9,489.1,91.2,4,5
137,1531240164,27.6,48.4,494.1,83.3,4,5
138,1531493956,28.1,57.2,140.5,25,9,10
139,1531493984,28.3,63,279,25,7,8
140,1531494240,28.8,53.9,286.1,25,7,8
141,1531494462,29.4,63.3,193.8,25,9,10
142,1531494495,29.5,56.2,286.7,25,7,8
143,1531494540,29.6,52.4,286.4,25,7,8
144,1531494599,29.8,56,275.6,25,8,9
145,1531494844,29.9,50.4,368.1,25,7,8
146,1531495135,29.8,50.2,365.6,25,7,8
147,1531495192,29.9,51,358.1,25,7,8
148,1531495262,29.9,51.1,360.6,25,7,8
149,1531495434,30,50.1,358.1,25,6,7
150,1531495686,30,52.2,361.8,25,6,7
151,1531495734,30.1,50.7,139.6,25,6,7
152,1531495759,30.2,51.6,359.3,25,7,8
153,1531496015,30.2,50,261.3,25,6,7
154,1531496032,30.2,49.8,360.6,25,7,8
155,1531496330,30.3,49.1,360.6,25,8,9
211,9,\N,\N,\N,\N,\N,\N
212,9,\N,\N,\N,\N,\N,\N
213,9,\N,\N,\N,\N,\N,\N
214,9,\N,\N,\N,\N,\N,\N
215,9,\N,\N,\N,\N,\N,\N
216,9,\N,\N,\N,\N,\N,\N
217,9,\N,\N,\N,\N,\N,\N
218,9,\N,\N,\N,\N,\N,\N
219,9,\N,\N,\N,\N,\N,\N
220,9,\N,\N,\N,\N,\N,\N
221,9,\N,\N,\N,\N,\N,\N
222,9,\N,\N,\N,\N,\N,\N
223,9,\N,\N,\N,\N,\N,\N
224,9,\N,\N,\N,\N,\N,\N
225,9,\N,\N,\N,\N,\N,\N
226,9,\N,\N,\N,\N,\N,\N
227,9,\N,\N,\N,\N,\N,\N
228,9,\N,\N,\N,\N,\N,\N
229,9,\N,\N,\N,\N,\N,\N
230,9,\N,\N,\N,\N,\N,\N
231,9,\N,\N,\N,\N,\N,\N
232,9,\N,\N,\N,\N,\N,\N
233,9,\N,\N,\N,\N,\N,\N
234,9,\N,\N,\N,\N,\N,\N
235,9,\N,\N,\N,\N,\N,\N
236,9,\N,\N,\N,\N,\N,\N
237,9,\N,\N,\N,\N,\N,\N
238,9,\N,\N,\N,\N,\N,\N
239,9,\N,\N,\N,\N,\N,\N
240,9,\N,\N,\N,\N,\N,\N
241,9,\N,\N,\N,\N,\N,\N
242,9,\N,\N,\N,\N,\N,\N
243,9,\N,\N,\N,\N,\N,\N
244,9,\N,\N,\N,\N,\N,\N
245,9,\N,\N,\N,\N,\N,\N
246,9,\N,\N,\N,\N,\N,\N
247,1532338845,25.4,59.8,482.7,25,7,8
250,1532339093,25.6,58,486.5,25,5,6
251,1532339130,25.6,58,486.5,25,6,7
252,1532339338,25.8,57.5,494.1,25,6,7
253,1532339428,25.8,57,497.9,25,7,8
254,1532339449,26,56.6,495.4,25,5,6
255,1532339638,26,56.7,496.7,25,7,8
256,1532339727,26,56.6,462.5,25,6,7
257,1532340026,26.1,56.1,470.1,25,6,7
258,1532340120,26.2,57.3,0.5,25,5,6
259,1532340323,26.2,56.2,0.4,25,4,5
260,1532340623,26.2,55.7,0.4,25,5,6
261,1532340921,26.2,55.5,0.4,25,5,6
262,1532341221,26.2,55.6,0.4,25,7,8
263,1532341518,26.2,55.5,0.4,25,5,6
264,1532341816,26.3,55.4,0.4,25,4,5
265,1532342115,26.3,54.8,471.3,25,3,4
266,1532342414,26.3,54.6,484,25,4,5
267,1532342713,26.3,54.6,478.9,25,5,6
268,1532343011,26.3,54.4,473.9,25,5,6
269,1532343310,26.3,54.2,466.3,25,4,5
270,1532343608,26.3,54,515.7,25,4,5
271,1532343907,26.3,53.9,492.9,25,9,10
272,1532344206,26.3,54,486.5,25,4,5
273,1532344504,26.3,54.2,494.1,25,3,4
274,1532344803,26.3,54.3,494.1,28.2,3,4
275,1532345101,26.3,54.4,501.7,25,4,5
276,1532345399,26.3,54.1,496.7,36.8,4,5
277,1532345699,26.3,54.2,500.5,25,5,6
278,1532345998,26.3,54,489.1,25,3,4
279,1532346295,26.3,54,491.6,31.3,5,6
280,1532346595,26.3,54,497.9,25,4,5
281,1532346893,26.3,54.3,477.7,25,3,4
282,1532347192,26.3,54.3,481.5,25,3,4
283,1532347490,26.3,54.5,476.4,25,4,5
284,1532347788,26.3,54.6,442.3,27.9,3,4
285,1532348087,26.3,54.3,434.7,25,4,5
286,1532348386,26.3,55,459.9,25,4,5
287,1532348685,26.4,55,482.7,34.5,5,6
288,1532348983,26.4,55,471.3,51.5,3,4
289,1532349282,26.4,54.4,466.3,31.8,5,6
290,1532349581,26.4,55,473.9,124.8,4,5
291,1532349878,26.4,54.7,489.1,60.8,5,6
292,1532350177,26.5,54.8,473.9,66.4,4,5
293,1532350476,26.5,54.3,503,56.5,5,6
294,1532350775,26.5,54.4,499.2,48,6,7
295,1532351073,26.6,54.1,505.6,43.4,4,5
296,1532351371,26.6,54.1,505.6,55.3,5,6
297,1532351670,26.6,54.4,490.3,27.9,6,7
298,1532351969,26.5,54.2,473.9,25,5,6
299,1532352267,26.5,54.2,476.4,34.4,5,6
300,1532352566,26.6,54.1,468.8,35.5,5,6
301,1532352864,26.6,54.1,468.8,32.5,5,6
302,1532353162,26.5,54.2,463.7,25,6,7
303,1532353461,26.5,54,465,25,5,6
304,1532353762,26.5,53.9,451.1,49.7,4,5
305,1532354059,26.5,53.8,473.9,39.4,5,6
306,1532354358,26.5,53.6,495.4,36.4,5,6
307,1532354655,26.5,53.2,485.3,29.8,4,5
308,1532354954,26.5,53,468.8,26.9,5,6
309,1532355253,26.5,52.7,484,29.4,4,5
310,1532355551,26.5,53,471.3,31.9,4,5
311,1532355849,26.5,52.9,492.9,25,3,4
312,1532356148,26.6,58.5,555.2,215.4,4,5
313,1532356244,26.8,56,478.9,215.4,4,5
314,1532356290,26.9,55.5,0.5,215.4,6,7
315,1532356447,27,52.5,494.1,129.3,4,5
316,1532356746,27.3,55.1,465,105,4,5
317,1532357044,27.6,50.2,423.4,160.9,5,6
318,1532357342,27.4,49.8,430.9,130.1,3,4
319,1532357641,27.1,51.1,428.4,110.8,3,4
320,1532357940,26.9,51.1,348.1,102.2,7,8
321,1532358238,26.9,51.2,360.6,80.6,3,4
322,1532358537,26.8,51.4,345.6,68,1,2
323,1532358683,26.8,52.7,343.1,68,4,5
324,1532358836,26.9,51.6,348.1,83.4,1,2
325,1532359134,26.9,51.4,301.3,82.6,2,3
326,1532359432,27,51.1,291.7,84.6,3,4
327,1532359732,27,50.9,297,60.7,3,4
328,1532360030,27,51.1,349.3,72.7,4,5
329,1532360328,27,50.5,295.1,76.7,7,8
330,1532360627,27,50.1,295.1,65,4,5
331,1532360925,27,50.2,296.7,31.7,4,5
332,1532506784,24.7,61.7,1456.2,25,6,7
333,1532506784,25.1,57.8,1148.4,25,7,8
334,1532506784,25.2,57.6,1141.7,25,6,7
335,1532507081,25.1,57.3,1144.4,25,6,7
336,1532507379,25,57.2,1144.4,25,5,6
337,1532507678,24.8,57.1,1147,25,5,6
338,1532507977,24.6,57.4,1147,41.5,5,6
339,1532508275,24.5,57.7,1143,25,5,6
340,1532508573,24.4,57.4,1136.3,25,5,6
341,1532508872,24.2,57.5,1130.9,25,5,6
342,1532509170,24.2,57.5,1125.6,25,6,7
343,1532509469,24.3,56.8,1128.3,25,6,7
344,1532509768,24.4,56.1,1125.6,25,5,6
345,1532510066,24.6,55.5,1120.2,25,5,6
346,1532510364,24.7,55,1117.6,27.2,6,7
347,1532510664,24.8,54.5,1117.6,30.5,6,7
348,1532510963,24.9,54.2,1113.5,25,6,7
349,1532511262,25,53.8,1104.2,25,6,7
350,1532511560,25.1,53.8,1096.2,25,6,7
351,1532511859,25.1,53.4,1080.1,25,6,7
352,1532512157,25.2,53.3,1074.8,26,4,5
353,1532512456,25.2,53,1069.5,25,6,7
354,1532512754,25.3,52.9,1064.1,32.5,5,6
355,1532513052,25.3,52.6,1060.1,25,6,7
356,1532513352,25.2,52.4,1056.1,25,8,9
357,1532513650,25,52.5,1050.8,25,7,8
358,1532513948,24.8,52.6,423.4,25,8,9
359,1532514246,24.6,53,424.6,25,10,11
360,1532514546,24.5,53.4,418.3,25,8,9
361,1532514844,24.4,53.5,418.3,25,9,10
362,1532515143,24.3,53.4,415.8,25,9,10
363,1532515441,24.1,53.4,1037.5,25,8,9
364,1532515739,24,53.5,1029.5,25,8,9
365,1532516038,23.9,53.9,1029.5,25,8,9
366,1532516337,23.9,54.1,1028.2,25,9,10
367,1532516635,23.8,54.5,1013.6,25,8,9
368,1532516933,23.7,54.7,1022.9,25,8,9
369,1532517233,23.7,54.9,393.2,25,8,9
370,1532517531,23.6,55.1,390.7,25,9,10
371,1532517830,23.6,54.9,383.1,25,9,10
372,1532518128,23.6,56.1,369.3,25,8,9
373,1532518426,23.6,57.4,368.1,25,8,9
374,1532518726,23.7,57.6,380.6,53,8,9
375,1532519024,23.8,58.5,368.1,64.5,10,11
376,1532519322,23.9,58.7,370.6,84.5,8,9
377,1532519622,23.9,57.9,378.1,106.7,8,9
378,1532519920,24,57.3,1000.3,153.5,8,9
379,1532520219,24.1,57.2,987.1,179.4,8,9
380,1532520517,24.2,56.5,876.3,199,8,9
381,1532520815,24.3,55.4,980.4,241.4,8,9
382,1532521114,24.5,54.4,981.8,250,8,9
383,1532521413,24.5,54,958,250,8,9
384,1532521716,24.6,53.4,955.3,233.8,8,9
385,1532522010,24.5,53.7,948.7,235.4,8,9
386,1532522309,24.5,54.3,955.3,230.1,7,8
387,1532522608,24.6,54.1,958,239.3,8,9
388,1532522906,24.7,53.4,947.4,229,5,6
389,1532523204,24.7,53.2,965.9,237.5,7,8
390,1532523503,24.7,54.3,954,244.2,7,8
391,1532523802,24.7,55,952.7,234.6,7,8
392,1532524100,24.8,55.4,290.1,241.7,5,6
393,1532524399,24.7,56,299.2,214.6,7,8
394,1532524697,24.5,56.5,248,198.5,8,9
395,1532524996,24.5,56.4,345.6,194.6,7,8
396,1532525295,24.6,56.1,989.7,207,7,8
397,1532525593,24.5,56.2,968.5,191.4,5,6
398,1532525892,24.5,56.5,965.9,183.3,7,8
399,1532526191,24.6,56.2,942.1,185.6,6,7
400,1532526489,24.7,55.6,884.2,180.3,7,8
401,1532526788,24.6,55.3,950,208.4,6,7
402,1532527086,24.6,55.2,956.6,204.2,6,7
403,1532527384,24.7,54.9,964.6,174.9,6,7
404,1532527684,24.8,54.7,979.1,182.9,6,7
405,1532527983,24.8,54.6,907.8,154.5,7,8
406,1532528281,24.8,54.7,358.1,174.4,6,7
407,1532528579,24.8,54.5,270.6,160.8,6,7
408,1532528878,24.8,54.5,302.6,209.5,6,7
409,1532529178,24.8,54.6,964.6,191.1,7,8
410,1532529475,24.7,54.5,881.5,183.9,7,8
411,1532529773,24.7,54.5,952.7,178,6,7
412,1532530072,24.8,54.6,958,169.7,7,8
413,1532530371,24.9,54.4,955.3,180.1,6,7
414,1532530670,25,54.1,946.1,234.7,6,7
415,1532530969,25,53.9,928.9,215.3,6,7
416,1532531267,24.9,54,907.8,203.4,8,9
417,1532531566,24.6,54.4,884.2,163.6,6,7
418,1532531865,24.5,54.8,787.3,146.2,6,7
419,1532587349,24.6,54.6,800.4,181,6,7
420,1532587349,24.8,55.7,0,208.5,6,7
421,1532587349,25,55.6,0,250,6,7
422,1532587349,25.1,55.2,0,250,2,3
423,1532587349,25.2,55.1,0,250,2,3
424,1532587349,25.2,55.1,0,250,2,3
425,1532587349,25.2,55.1,0,250,2,3
426,1532587349,25.2,55,0,250,2,3
427,1532587349,25.2,55,0,250,2,3
428,1532587349,25.2,55,0,250,2,3
429,1532587349,25.2,55,0,241.9,2,3
430,1532587349,25.2,55,0,248.3,2,3
431,1532587349,25.2,55,0,241.8,2,3
432,1532587349,25.2,55,0,250,2,3
433,1532587349,25.1,55,0,250,2,3
434,1532587349,25,55.5,409.5,250,7,8
435,1532587366,25,55.3,405.7,211,7,8
436,1532587962,24.7,55.1,404.5,196.5,7,8
437,1532587962,24.6,54.8,403.2,178,6,7
438,1532588261,24.6,54.4,407,153.7,7,8
439,1532588560,24.5,54.1,405.7,144.6,8,9
440,1532588858,24.4,53.8,405.7,127.5,8,9
441,1532589157,24.4,53.7,389.4,122.8,7,8
442,1532589455,24.3,53.6,408.3,107.3,9,10
443,1532589754,24.4,53.6,405.7,99.7,7,8
444,1532590052,24.4,53.7,403.2,97.7,7,8
445,1532590350,24.4,54,405.7,89.8,7,8
446,1532590649,24.5,54.1,408.3,90.4,7,8
447,1532590948,24.5,54.4,393.2,62.7,7,8
448,1532591246,24.6,54.5,405.7,53.2,6,7
449,1532591544,24.6,55,400.7,61,11,12
450,1532591845,24.7,54.8,403.2,66.6,6,7
451,1532592143,24.8,54.9,403.2,67.4,7,8
452,1532592444,24.8,54.3,393.2,75,6,7
453,1532592739,24.9,54.4,389.4,76.3,6,7
454,1532593038,24.9,54.2,393.2,79.2,8,9
455,1532593338,25,53.7,410.8,88.1,9,10
456,1532593635,25,53.3,410.8,84.8,6,7
457,1532593933,25,52.9,412,92.7,9,10
458,1532594233,25,53,407,86.3,10,11
459,1532594532,25,52.9,405.7,100,9,10
460,1532594830,24.9,52.9,408.3,104.8,5,6
461,1532595128,24.9,52.7,413.3,90,5,6
462,1532595428,24.9,52.5,413.3,110.1,5,6
463,1532595726,24.8,52.3,413.3,107.2,5,6
464,1532596024,24.8,52.1,407,108.2,6,7
465,1532596323,24.8,52.2,410.8,109.4,5,6
466,1532596621,24.7,52.1,410.8,116.9,6,7
467,1532596919,24.7,53,413.3,82.5,8,9
468,1532597218,24.7,53.3,422.1,71.2,7,8
469,1532597517,24.7,53.4,424.6,60.7,7,8
470,1532597815,24.6,53.4,424.6,44.1,7,8
471,1532598114,24.5,53.4,423.4,33.3,8,9
472,1532598412,24.5,53.5,403.2,25,6,7
473,1532598711,24.4,54,418.3,25,7,8
474,1532599010,24.4,54.2,423.4,25,8,9
475,1532599308,24.4,54.5,420.8,25,8,9
476,1532599606,24.4,54.5,420.8,25,10,11
477,1532599905,24.4,54.8,420.8,25,9,10
478,1532600204,24.4,55.1,420.8,25,8,9
479,1532600502,24.4,55.3,420.8,25,8,9
480,1532600800,24.3,55.8,420.8,25,8,9
481,1532601099,24.4,56.1,418.3,25,8,9
482,1532601398,24.3,57.2,419.6,25,9,10
483,1532601697,24.3,57.7,424.6,28.3,8,9
484,1532601996,24.3,58,420.8,27,10,11
485,1532602294,24.3,58,415.8,25,8,9
486,1532602592,24.4,58.1,400.7,34,10,11
487,1532602891,24.4,57.9,402,30.5,10,11
488,1532603190,24.6,56.9,384.4,56.6,10,11
489,1532603488,24.5,56.6,358.1,68.8,10,11
490,1532603788,24.4,56.6,358.1,59.6,10,11
491,1532604085,24.3,56.8,358.1,51,10,11
492,1532604384,24.3,57,358.1,34.8,10,11
493,1532604682,24.3,57.1,359.3,30.7,9,10
494,1532604981,24.2,57.3,358.1,25,9,10
495,1532605280,24.2,57.4,355.6,25,9,10
496,1532605578,24.2,57.5,405.7,25,9,10
497,1532605877,24.3,58,0,51.9,9,10
498,1532682152,24,58.9,570.5,67.4,8,9
499,1532682152,24,56.4,54.4,94.5,8,9
500,1532682152,23.9,56.3,53.9,173.7,8,9
501,1532682448,23.8,56.2,55.1,237.8,8,9
502,1532682747,23.6,56.2,55.4,250,8,9
503,1532683046,23.5,56.3,56.2,227.6,8,9
504,1532683344,23.4,56.4,56.2,174,5,6
505,1532683643,23.4,56.3,56,153.5,5,6
506,1532683942,23.3,56.3,56.8,140.3,5,6
507,1532684240,23.3,56.2,56,130,5,6
508,1532684538,23.2,56.5,56,108.1,5,6
509,1532684837,23.1,56.6,56,99.8,5,6
510,1532685136,23.1,56.3,56.6,89.7,6,7
511,1532685434,23.1,56.2,68.4,91.6,6,7
512,1532685734,23.1,56.3,69.6,79.8,6,7
513,1532686032,23.1,56.5,70.4,97.3,6,7
514,1532686331,23.2,56.8,69.6,77.3,6,7
515,1532686629,23.3,56.6,71.6,108.7,6,7
516,1532686927,23.5,57.1,67.5,106.9,5,6
517,1532687227,23.7,57.3,68.7,101,5,6
518,1532687464,24,58,465,101,10,11
519,1532687534,24,57.9,465,250,6,7
520,1532687824,24.2,57.5,467.5,142.4,6,7
521,1532688122,24.4,57.7,463.7,135.3,6,7
522,1532688421,24.5,58,463.7,142.8,6,7
523,1532688719,24.7,58.1,463.7,143.8,6,7
524,1532689019,24.9,58.2,465,153.8,6,7
525,1532689317,25.1,58,462.5,153.2,6,7
526,1533108186,25.1,64.3,699.1,67.4,10,11
527,1533108186,25.3,62,644.9,94.5,12,13
528,1533108186,25.1,61.7,642.3,175.6,12,13
529,1533108483,25,61.8,632,302.5,11,12
530,1533108781,25,61.7,637.2,282.1,12,13
531,1533108962,25,62,632,282.1,12,13
532,1533109079,25,61.6,634.6,235.2,13,14
533,1533109377,25,61.2,632,203.5,12,13
534,1533109434,25.1,60.9,628.2,203.5,13,14
535,1533109680,25,60.9,626.9,189.1,10,11
536,1533109975,25,61.7,791.2,163.9,10,11
537,1533110273,25.1,60.3,570.5,165.2,10,11
538,1533110572,25,60.4,568,155,10,11
539,1533110870,24.9,60.6,565.4,140.9,10,11
540,1533111170,24.9,60.7,569.2,128.7,12,13
541,1533111225,24.9,60.5,565.4,128.7,12,13
542,1533111476,25,60.7,585.9,121.2,11,12
543,1533111766,24.9,60.7,589.7,113.6,11,12
544,1533112065,24.9,60.8,584.6,115.9,10,11
545,1533112364,24.9,60.8,585.9,107.1,11,12
546,1533112663,24.9,60.8,585.9,95.8,11,12
547,1533112961,24.9,60.8,585.9,99.4,10,11
548,1533113260,24.9,60.9,585.9,93.4,9,10
549,1533113558,24.9,60.9,585.9,86,10,11
550,1533113857,24.9,60.9,585.9,88.8,11,12
551,1533114155,24.9,61.1,588.4,83.4,11,12
552,1533114454,25,61,585.9,80.3,9,10
553,1533114753,24.9,61.1,585.9,80,12,13
554,1533115051,24.9,61.3,585.9,68.5,12,13
555,1533115349,25.1,62.1,410.8,76,12,13
556,1533115648,25.4,60.7,537.3,86.7,12,13
557,1533115946,25.4,60.6,555.2,91.3,12,13
558,1533116246,25.4,60.5,384.4,93.6,12,13
559,1533116544,25.5,61.2,408.3,88.4,7,8
560,1533116842,25.9,59.3,496.7,96.7,7,8
561,1533117141,25.9,59.5,249.3,91.6,7,8
562,1533117440,25.8,58.8,408.3,87.3,7,8
563,1533117739,25.8,58.9,420.8,89,7,8
564,1533118037,25.5,59.1,368.1,75.6,7,8
565,1533118336,25.4,59.6,644.9,78,10,11
566,1533118634,25.5,59.4,651.3,68.8,10,11
567,1533118932,25.4,59.3,647.5,64.9,10,11
568,1533119232,25.4,59.6,647.5,61.1,10,11
569,1533119530,25.4,59.8,639.7,59,10,11
570,1533119828,25.3,59.8,648.7,49.6,10,11
571,1533120127,25.3,59.9,642.3,41.6,9,10
572,1533120426,25.3,59.7,644.9,49.4,9,10
573,1533120724,25.2,59.7,646.2,38.4,9,10
574,1533121023,25.1,59.8,642.3,25,9,10
575,1533121322,25,59.8,644.9,25,9,10
576,1533121620,25,60,646.2,25,9,10
577,1533121919,24.9,60.1,52.1,25,9,10
578,1533122217,24.8,60,52.4,25,9,10
579,1533122516,24.7,59.4,52.1,25,9,10
580,1533122815,24.6,58.7,50.7,25,9,10
581,1533123113,24.5,58.6,31.3,25,9,10
582,1533123412,24.5,59,52.1,25,9,10
583,1533123710,24.4,60.7,646.2,26.3,10,11
584,1533124008,24.5,61.8,688.7,25,10,11
585,1533124308,24.5,62.3,683.6,28.7,10,11
586,1533124606,24.5,62.6,683.6,38.7,10,11
587,1533124905,24.5,63,681,48.3,10,11
588,1533125203,24.5,63.2,681,49.4,10,11
589,1533125502,24.5,63.3,684.8,53.1,11,12
590,1533125801,24.5,63.5,682.3,56.4,11,12
591,1533126099,24.6,63.4,677.1,62.8,11,12
592,1533126402,24.6,63.3,677.1,65.4,11,12
593,1533126697,24.6,63.2,657.8,71.6,11,12
594,1533126996,24.6,63.2,655.2,75.8,11,12
595,1533127294,24.6,63.3,673.2,79.6,12,13
596,1533127592,24.6,63.4,674.5,82.4,12,13
597,1533127891,24.6,63.4,670.7,92.1,12,13
598,1533128189,24.6,63.2,671.9,94.2,12,13
599,1533128487,24.6,63.1,673.2,91.7,12,13
600,1533128787,24.6,63,668.1,94.3,12,13
601,1533129085,24.6,63.2,674.5,95.5,12,13
602,1533129383,24.6,63.4,671.9,92.4,12,13
603,1533129683,24.6,63.7,668.1,95.6,12,13
604,1533129980,24.6,63.8,670.7,92.1,12,13
605,1533130280,24.6,63.8,670.7,88.7,12,13
606,1533130577,24.6,63.5,673.2,86.6,12,13
607,1533130876,24.5,63.4,670.7,87.2,10,11
608,1533131175,24.5,63.8,668.1,86.6,10,11
609,1533131474,24.5,64.2,674.5,73.1,10,11
610,1533131772,24.5,64.1,673.2,72.7,10,11
611,1533132071,24.5,64.1,670.7,86.1,10,11
612,1533132371,24.5,63.6,668.1,83.2,10,11
613,1533132668,24.5,64.1,673.2,85.2,11,12
614,1533132967,24.5,64,670.7,76.1,11,12
615,1533133265,24.5,64.1,670.7,70.7,11,12
616,1533133565,24.4,64.1,670.7,66.1,11,12
617,1533133863,24.4,63.9,670.7,61.2,11,12
618,1533134161,24.5,63.7,668.1,61,11,12
619,1533134461,24.5,64.1,670.7,68.9,10,11
620,1533134758,24.5,64.1,673.2,80.1,10,11
621,1533135058,24.7,64.4,405.7,78.9,10,11
622,1533135356,24.8,63.5,570.5,96.3,10,11
623,1533135655,24.7,64.4,706.8,94.1,10,11
624,1533135953,24.9,63.8,501.7,104.1,10,11
625,1533136254,25,64.5,565.4,109.2,11,12
626,1533136551,24.8,64.5,557.7,110.3,11,12
627,1533136849,24.4,65.6,552.6,108.3,11,12
628,1533137148,24.1,66.2,551.4,103.5,11,12
629,1533137446,23.9,67,548.8,89.2,11,12
630,1533137746,23.7,68.1,546.3,78.1,11,12
631,1533138044,23.6,70,542.4,59.4,9,10
632,1533138343,23.6,70.9,66.3,72.5,9,10
633,1533138644,23.5,71.7,64.8,58.8,9,10
634,1533138941,23.4,72.3,61.5,56.3,9,10
635,1533191905,22.9,69.4,238.4,0,12,13
636,1533191905,23.3,67.4,876.3,0,12,13
637,1533191905,23.3,67.2,881.5,0,12,13
638,1533191905,23.3,67.1,881.5,0,10,11
639,1533192208,23.4,66.9,882.8,39.8,10,11
640,1533192507,23.3,66.8,882.8,13.9,10,11
641,1533192805,23.4,66.6,863.2,0,13,14
642,1533193103,23.5,66.8,875,0,13,14
643,1533193403,23.5,66.3,873.7,25,13,14
644,1533193701,23.5,66.2,877.6,25,13,14
645,1533193999,23.5,66.1,873.7,25,13,14
646,1533194298,23.5,65.9,875,25,13,14
647,1533194597,23.6,65.9,871,25,13,14
648,1533194895,23.8,66.3,867.1,25,13,14
649,1533195194,23.9,65.6,863.2,39.6,13,14
650,1533195492,24.1,65.8,863.2,56.8,13,14
651,1533195791,24.2,65.3,865.8,83,13,14
652,1533196090,24.3,64.8,863.2,98.6,13,14
653,1533196389,24.3,64.8,857.9,100.4,15,16
654,1533196687,24.4,64.5,857.9,114.6,15,16
655,1533196985,24.4,64.3,856.6,115.9,15,16
656,1533197285,24.4,64.7,855.3,125.4,15,16
657,1533197583,24.2,65,855.3,126,15,16
658,1533198179,24,65.7,855.3,122.9,15,16
659,1533198179,23.8,66.1,852.7,120.3,12,13
660,1533198477,23.6,66.7,852.7,110.9,12,13
661,1533198776,23.7,66.7,854,109,12,13
662,1533199074,23.9,66.7,850,103.8,12,13
663,1533199373,23.9,66.5,854,109.5,12,13
664,1533199970,24,66.2,852.7,113.2,12,13
665,1533199970,23.8,66.2,850,105.1,14,15
666,1533200268,23.7,66.4,850,90.7,14,15
667,1533200566,23.8,66.4,854,90,14,15
668,1533200864,23.9,66.2,854,88,14,15
669,1533201163,23.9,66.1,850,85.6,14,15
670,1533201462,24,66,855.3,87.8,14,15
671,1533201761,23.7,66.5,854,84,14,15
672,1533202059,23.6,66.9,854,72.4,14,15
673,1533202357,23.6,66.8,850,48.2,14,15
674,1533202656,23.9,67.1,851.4,43.2,14,15
675,1533202955,24.2,66.9,847.4,39.8,14,15
676,1533203254,24.4,66.8,844.8,53.5,14,15
677,1533203552,24.5,66.5,842.2,61.6,12,13
678,1533203852,24.6,66.4,844.8,68.6,12,13
679,1533204150,24.7,65.9,844.8,83.2,12,13
680,1533204449,24.8,65.7,842.2,83.5,12,13
681,1533204747,24.9,65.4,842.2,80.3,12,13
682,1533205046,24.9,65.1,843.5,78.6,12,13
683,1533205345,25,65,842.2,86.2,11,12
684,1533205643,25.1,65,842.2,97,11,12
685,1533205942,25.2,64.9,839.6,100.6,11,12
686,1533206240,25.2,64.7,837,97,11,12
687,1533206539,25.3,64.4,839.6,108.3,11,12
688,1533206838,25.3,64.3,837,98.6,11,12
689,1533207137,25.3,63.9,840.9,103.5,10,11
690,1533207435,25.3,63.6,839.6,98.3,10,11
691,1533207733,25.3,63.6,840.9,97.1,10,11
692,1533208033,25.3,63.5,839.6,87.5,10,11
693,1533208331,25.3,63.4,843.5,78.4,10,11
694,1533208630,25.3,63.4,837,73,10,11
695,1533208927,25.3,63.2,838.3,71.6,12,13
696,1533209226,25.3,63,839.6,68.2,12,13
697,1533209525,25.3,63.1,837,56.8,12,13
698,1533209824,25.3,63,834.3,54.8,12,13
699,1533210122,25.3,62.8,834.3,50,12,13
700,1533210420,25.3,62.9,831.7,43.8,12,13
701,1533210720,25.3,62.7,831.7,43.9,12,13
702,1533211019,25.3,62.7,834.3,41.7,12,13
703,1533211317,25.3,62.8,835.6,44.9,12,13
704,1533211615,25.4,62.7,829.1,47.3,12,13
705,1533211915,25.5,62.6,829.1,66.4,12,13
706,1533212213,25.5,62.4,826.5,83.9,12,13
707,1533212512,25.5,62,829.1,94.2,11,12
708,1533212810,25.5,61.8,827.8,98,11,12
709,1533213109,25.6,61.7,821.3,108,11,12
710,1533213408,25.6,61.6,823.9,110.1,11,12
711,1533213706,25.6,61.7,821.3,107.5,11,12
712,1533214005,25.6,61.5,823.9,118.6,11,12
713,1533214304,25.6,61.2,821.3,121,9,10
714,1533214603,25.6,61.2,826.5,115.5,9,10
715,1533214901,25.6,61.2,825.2,110.8,9,10
716,1533215199,25.6,61.3,825.2,115.6,9,10
717,1533215498,25.6,61.3,821.3,114.6,9,10
718,1533215796,25.7,61.2,823.9,125.1,9,10
719,1533216096,25.8,61.1,821.3,121.9,9,10
720,1533216394,25.8,61.3,825.2,126.2,9,10
721,1533216692,25.8,61.3,822.6,134.8,9,10
722,1533216991,25.8,61.2,821.3,126.5,9,10
723,1533217289,25.7,61.4,823.9,120.4,9,10
724,1533217589,25.6,62,821.3,120.7,9,10
725,1533217888,25.7,62.2,821.3,107.3,11,12
726,1533218186,25.7,61.8,823.9,102.8,11,12
727,1533218484,25.6,61.6,827.8,93.8,11,12
728,1533218785,25.6,61.5,823.9,76.6,11,12
729,1533219083,25.6,61.7,823.9,73.8,11,12
730,1533219381,25.5,62.4,825.2,64.8,11,12
731,1533219679,25.6,62.6,825.2,62,10,11
732,1533219977,25.6,62.8,823.9,66.7,10,11
733,1533220277,25.7,62.9,823.9,78,10,11
734,1533220576,25.7,62.8,826.5,98.1,10,11
735,1533220873,25.8,62.8,823.9,99,10,11
736,1533221172,25.8,63,826.5,110.3,10,11
737,1533283671,22.7,68.9,286.1,67.4,11,12
738,1533283671,23.1,66.9,847.4,94.5,11,12
739,1533283671,23.3,66.5,837,140.4,11,12
740,1533283671,23.5,66.4,838.3,170.8,11,12
741,1533283671,23.7,66,834.3,195,11,12
742,1533283671,23.8,65.7,829.1,163.4,11,12
743,1533283671,23.9,65.3,826.5,150,12,13
744,1533283671,24,65.2,823.9,126.2,12,13
745,1533283671,24.2,65.1,837,117.9,12,13
746,1533283671,24.3,64.7,837,111.8,12,13
747,1533283671,24.4,64.5,821.3,104.9,12,13
748,1533283671,24.5,64.4,829.1,87.7,12,13
749,1533283671,24.5,64,809.5,88.7,11,12
750,1533283968,24.5,63.6,837,79.5,11,12
751,1533284266,24.4,63.5,834.3,47.5,11,12
752,1533284564,24.4,63.4,817.3,25.7,11,12
753,1533284863,24.4,63.6,812.1,25,11,12
754,1533285162,24.5,64.3,829.1,25,11,12
755,1533285460,24.6,63.9,829.1,30.3,11,12
756,1533285759,24.6,63.6,831.7,44.8,11,12
757,1533286057,24.7,63.1,830.4,61.4,11,12
758,1533286357,24.7,62.9,826.5,69.9,11,12
759,1533286655,24.8,62.9,817.3,69.2,11,12
760,1533286954,24.8,62.7,823.9,74.1,11,12
761,1533287252,24.8,62.7,826.5,79.1,10,11
762,1533287551,24.9,62.7,826.5,77.4,10,11
763,1533287850,24.9,62.5,829.1,74.8,10,11
764,1533288148,24.9,62.4,826.5,75.9,10,11
765,1533288447,25,62.5,834.3,75.9,10,11
766,1533288746,25,62.4,829.1,68.1,10,11
767,1533289047,24.9,62.4,829.1,69.6,11,12
768,1533289343,24.9,62.5,833,57.4,11,12
769,1533289641,24.9,62.6,827.8,49.7,11,12
770,1533289940,24.9,62.6,825.2,50.3,11,12
771,1533290240,25,62.5,821.3,49.5,11,12
772,1533299184,25,62.3,830.4,49.7,11,12
773,1533299184,25,62,826.5,52.6,10,11
774,1533299184,25.1,61.8,821.3,58.1,10,11
775,1533299184,25.1,61.8,825.2,54.7,10,11
776,1533299184,25.2,61.8,823.9,52.7,10,11
777,1533299184,25.2,62,827.8,57.1,10,11
778,1533299184,25.2,62.1,825.2,52.4,10,11
779,1533299184,25.2,62.2,826.5,56,12,13
780,1533299184,25.1,62.2,797.8,60.5,12,13
781,1533299184,25.2,62.3,795.2,57.2,12,13
782,1533299184,25.2,62.3,796.5,61.6,12,13
783,1533299184,25.2,62.4,810.8,48.1,12,13
784,1533299184,25.2,62.3,808.2,55.2,12,13
785,1533299184,25.1,62.4,787.3,37.4,11,12
786,1533299184,25.1,62.3,784.7,36.9,11,12
787,1533299184,25,62.4,774.3,25,11,12
788,1533299482,24.8,62.1,882.8,35.2,11,12
789,1533299781,24.8,61.9,917,39,7,8
790,1533300079,24.8,61.6,935.5,47.6,7,8
791,1533300377,24.8,61.4,987.1,57,7,8
792,1533300675,24.8,61.4,1024.2,64.3,7,8
793,1533300975,24.8,61.7,1068.1,62.9,7,8
794,1533301273,24.8,62.3,1100.2,67.3,7,8
795,1533301572,24.8,62.9,1101.5,54.9,6,7
796,1533301870,24.9,63,1082.8,61.6,6,7
797,1533302169,24.9,63.3,992.4,57.7,6,7
798,1533302468,25,63.6,1049.5,70.7,6,7
799,1533302766,25,64.3,921,76.9,6,7
800,1533303064,25.1,64.8,860.5,78.1,6,7
801,1533303364,25.1,64.8,831.7,82.9,10,11
802,1533303662,25.1,64.9,810.8,87.4,10,11
803,1533303960,25.1,65.2,795.2,92.7,10,11
804,1533304259,25.2,64.6,788.6,94.7,10,11
805,1533304557,25.3,64.6,782.1,104.2,10,11
806,1533304856,25.3,64.3,792.5,116.2,10,11
807,1533305156,25.3,63.8,789.9,116.7,8,9
808,1533305453,25.2,63.7,787.3,121,8,9
809,1533305752,25.2,63.8,789.9,107.9,8,9
810,1533306051,25.1,63.9,796.5,104.7,8,9
811,1533306350,25.1,63.7,800.4,100.9,8,9
812,1533306648,25.1,63.6,808.2,92.7,8,9
813,1533306948,25.1,63.7,818.6,86.2,10,11
814,1533307246,25.1,63.8,816,78.2,10,11
815,1533307544,25.1,63.9,830.4,72.1,10,11
816,1533307843,25,63.9,837,67,10,11
817,1533308142,25,63.9,856.6,67.5,10,11
818,1533308440,25,64,868.4,56.5,10,11
819,1533308738,24.9,64.3,873.7,49.1,9,10
820,1533309037,24.9,64.6,868.4,51.6,9,10
821,1533309336,24.9,64.6,865.8,35.7,9,10
822,1533309635,24.9,64.7,868.4,29.3,9,10
823,1533309933,24.9,65,881.5,26.1,9,10
824,1533310231,24.9,65,896,33.4,9,10
825,1533310535,24.9,65,892,36.7,9,10
826,1533310830,24.9,64.7,892,27.2,9,10
827,1533311128,24.9,64.7,889.4,25,9,10
828,1533311426,24.8,64.7,889.4,34.4,9,10
829,1533544503,24.3,65.1,119.5,67.4,12,13
830,1533544503,24.6,63.8,494.1,94.5,12,13
831,1533544503,24.7,63.3,494.1,175.6,11,12
832,1533544800,24.7,63.1,494.1,276.3,10,11
833,1533545694,24.8,63.1,491.6,250,10,11
834,1533545694,24.9,62.9,491.6,204.4,10,11
835,1533545694,25,62.5,492.9,177.5,11,12
836,1533545991,25,62.1,499.2,153.3,10,11
837,1533546006,25.2,61,495.4,153.3,9,10
838,1533546291,25.1,62,491.6,134,10,11
839,1533546589,25.1,62,491.6,125.2,10,11
840,1533546888,25.1,62,491.6,102.6,11,12
841,1533547186,25.1,62,489.1,93.9,11,12
842,1533547485,25.2,61.7,491.6,82.2,11,12
843,1533547784,25.2,61.7,494.1,74.5,11,12
844,1533548083,25.2,61.8,489.1,65.6,11,12
845,1533548380,25.2,61.6,490.3,57.3,9,10
846,1533548680,25.1,61.8,494.1,49.6,11,12
847,1533548978,25.1,61.8,490.3,43,10,11
848,1533549276,25.1,62.1,199.9,27.2,10,11
849,1533549576,25.1,62.3,489.1,25,10,11
850,1533549874,25.1,62.6,489.1,25,11,12
851,1533550173,25.1,62.8,490.3,35.7,11,12
852,1533550471,25.1,62.8,490.3,38.9,11,12
853,1533550770,25.2,63.2,487.8,35.6,11,12
854,1533551068,25.2,63.3,490.3,31.5,12,13
855,1533551366,25.2,63.4,489.1,42.6,11,12
856,1533551665,25.2,63.3,490.3,49,11,12
857,1533551964,25.2,63.4,486.5,49.4,10,11
858,1533552262,25.2,63.3,486.5,51.7,10,11
859,1533552561,25.2,63.3,490.3,49.5,13,14
860,1533552860,25.2,63.3,486.5,54.8,11,12
861,1533553158,25.2,63.2,484,45.2,10,11
862,1533553457,25.2,63.1,487.8,47.6,10,11
863,1533553755,25.3,63.6,482.7,39.2,11,12
864,1533554054,25.4,63.5,487.8,49.2,11,12
865,1533554353,25.4,63.3,487.8,49.1,11,12
866,1533554651,25.3,63.5,485.3,36.1,11,12
867,1533554949,25.3,63.6,484,25.5,11,12
868,1533555248,25.3,63.6,485.3,25,10,11
869,1533555547,25.3,63.6,484,25,11,12
870,1533555845,25.3,63.5,35.5,25,11,12
871,1533556144,25.3,63.3,34.9,25,11,12
872,1533556442,25.3,63.3,34.9,25,11,12
873,1533556740,25.3,63.2,35.4,25,10,11
874,1533557040,25.2,63.4,35.5,25,11,12
875,1533557338,25.2,63.4,35.7,25,11,12
876,1533557636,25.2,63.4,34.9,25,10,11
877,1533557935,25.2,63.4,34.9,25,11,12
878,1533558235,25.2,63.7,34.6,25,10,11
879,1533558532,25.2,63.9,34.6,25,11,12
880,1533558831,25.2,64.2,486.5,26.2,11,12
881,1533559129,25.3,65.3,486.5,25,11,12
882,1533559428,25.4,65.4,484,28.4,11,12
883,1533559727,25.5,65.8,484,45.7,10,11
884,1533560026,25.5,64.8,476.4,62.9,11,12
885,1533560327,25.5,64.6,482.7,77.3,11,12
886,1533560622,25.4,64.3,484,80.6,12,13
887,1533560877,25.3,64.6,54.8,80.6,10,11
888,1533560895,25.3,65.3,486.5,80.6,11,12
889,1533560925,25.3,64.9,484,88.3,10,11
890,1533561220,25.3,64.7,484,87,10,11
891,1533561518,25.2,65.1,481.5,91.5,9,10
892,1533561817,25.1,65.5,485.3,88,10,11
893,1533562116,24.9,65.7,478.9,88.5,10,11
894,1533562415,24.8,65.8,476.4,91,11,12
895,1533562713,24.7,66,475.1,97.1,10,11
896,1533563011,24.7,66,477.7,95.4,10,11
897,1533563309,24.6,66.2,471.3,92.5,12,13
898,1533563609,24.6,66.2,470.1,89.8,9,10
899,1533563907,24.5,66.2,468.8,93.2,9,10
900,1533564205,24.5,67.2,466.3,90.7,11,12
901,1533564504,24.5,67.9,466.3,88.8,13,14
902,1533564803,24.6,67.9,467.5,94.7,11,12
903,1533565102,24.7,67.6,463.7,106.9,10,11
904,1533565417,24.8,67.4,463.7,100.6,11,12
905,1533565697,24.9,67.3,463.7,111.5,10,11
906,1533565995,25,66.4,463.7,123.5,11,12
907,1533566295,24.9,66.1,465,121,10,11
908,1533566593,24.9,66.1,465,112.4,10,11
909,1533566892,24.9,66.1,461.2,105.3,10,11
910,1533567190,24.9,66,462.5,108.3,12,13
911,1533567489,25,65.8,462.5,108.8,11,12
912,1533567787,25,65.7,461.2,113.8,10,11
913,1533568383,25,65.3,465,111.5,12,13
914,1533568383,25.1,64.7,465,113.2,11,12
915,1533568682,25.1,64.7,461.2,108,11,12
916,1533568982,25,65.1,467.5,105.6,11,12
917,1533569279,25,65.2,461.2,105,10,11
918,1533569577,25.1,65.5,465,102.5,9,10
919,1533713076,24.2,65.3,272.8,67.4,9,10
920,1533713076,24.4,63.3,730.1,94.5,9,10
921,1533713076,24.4,63.1,735.3,171.4,9,10
922,1533713076,24.4,63.2,735.3,223.4,9,10
923,1533713076,24.3,63.5,737.9,250,9,10
924,1533713076,24.2,63.4,736.6,191.6,9,10
925,1533713076,24.1,63.6,735.3,145.6,7,8
926,1533713076,24.1,63.5,727.5,122.6,7,8
927,1533713076,24,63.9,732.7,89.8,7,8
928,1533713386,23.9,62.9,732.7,69.7,7,8
929,1533713683,23.7,63.2,732.7,50.7,7,8
930,1533714045,23.5,63.6,728.8,29.2,7,8
931,1533714263,23.5,65.1,727.5,25,9,10
932,1533714561,23.7,65.7,712,25,9,10
933,1533714860,23.9,65,715.9,47.5,9,10
934,1533715158,24.1,65.3,712,72.5,9,10
935,1533715459,24.3,65,709.4,94.7,9,10
936,1533715772,24.4,64.8,709.4,116.1,9,10
937,1533716053,24.5,64.7,706.8,130.7,8,9
938,1533716352,24.7,64.6,708.1,131.9,8,9
939,1533716651,24.8,64.1,704.2,139.6,8,9
940,1533716949,25,65.1,642.3,135.3,8,9
941,1533717247,25.1,64.2,644.9,154,8,9
942,1533717546,25.2,63.9,644.9,150,8,9
943,1533717845,25.3,63.9,644.9,161.6,8,9
944,1533718143,25.4,63.3,642.3,146.9,8,9
945,1533718442,25.4,63.2,644.9,152.6,8,9
946,1533718741,25.5,63,644.9,151.8,8,9
947,1533719039,25.6,62.7,648.7,145.4,8,9
948,1533719338,25.6,62.3,644.9,135.5,8,9
949,1533719636,25.7,62,644.9,130.5,10,11
950,1533719935,25.7,62,642.3,124.4,10,11
951,1533720234,25.8,61.8,642.3,117.7,10,11
952,1533720532,25.8,61.2,644.9,118.5,10,11
953,1533720831,25.8,61.2,642.3,117.5,10,11
954,1533721129,25.8,61.5,646.2,115.5,10,11
955,1533721430,25.9,61.4,642.3,112.2,8,9
956,1533721728,26,61.2,646.2,108.4,8,9
957,1533722026,26,61.3,646.2,120.5,8,9
958,1533722324,26,60.8,644.9,107.8,8,9
959,1533722623,26,60.9,642.3,110,8,9
960,1533722922,26,60.8,644.9,114.8,8,9
961,1533723220,26,60.8,639.7,113.3,9,10
962,1533723519,26,60.7,639.7,109.5,9,10
963,1533723817,26,60.6,642.3,96.7,9,10
964,1533724116,26.1,60.7,639.7,104.9,9,10
965,1533724415,26.1,60.8,639.7,91.8,9,10
966,1533724714,26.1,61,639.7,102,9,10
967,1533725012,26,61.4,639.7,82.2,8,9
968,1533725311,26.1,61.6,641,95.1,8,9
969,1533725627,26.1,61.6,619.2,84.8,8,9
970,1533725924,26.1,61.7,624.3,74.5,8,9
971,1533726204,26.1,61.8,624.3,58.1,8,9
972,1533726503,26.1,62,626.9,51.9,8,9
973,1533726802,26,62.3,629.5,47,9,10
974,1533727117,26,62.6,639.7,33.3,9,10
975,1533727415,26,62.7,646.2,25,9,10
976,1533727712,26,62.7,642.3,25,9,10
977,1533727993,26,62.9,644.9,25,9,10
978,1533728291,25.9,63.3,644.9,25,9,10
979,1533728589,25.9,63.6,644.9,25,9,10
980,1533728888,25.8,63.8,642.3,25,9,10
981,1533729186,25.8,63.9,644.9,25,9,10
982,1533729486,25.8,63.9,642.3,25,9,10
983,1533729785,25.8,64.1,642.3,25,9,10
984,1533730082,25.7,64.2,642.3,25,9,10
985,1533730381,25.7,64.2,646.2,25.3,9,10
986,1533730680,25.8,64.3,644.9,27.7,9,10
987,1533730979,25.8,64.5,642.3,28.3,9,10
988,1533731277,25.9,64.8,642.3,49.8,9,10
989,1533731575,25.9,64.9,639.7,61.1,9,10
990,1533731875,25.9,64.5,639.7,73.8,9,10
991,1533732173,25.9,64.7,639.7,86.7,10,11
992,1533732477,25.9,64.9,637.2,99.1,10,11
993,1533732770,25.9,64.9,639.7,115.6,10,11
994,1533733069,25.9,64.6,637.2,116.3,10,11
995,1533733368,25.9,64.7,635.9,120,10,11
996,1533733666,25.9,64.7,621.8,126.3,10,11
997,1533733965,25.9,64.7,633.3,129.4,11,12
998,1533734263,25.9,64,624.3,133.5,11,12
999,1533734562,25.9,63.9,614.1,132,11,12
1000,1533734611,25.9,63.9,614.1,132,11,12
1001,1533734860,25.9,62.8,611.5,127.9,11,12
1002,1533735158,25.8,61.8,608.9,114.8,11,12
1003,1533735457,25.8,61.6,608.9,100.6,11,12
1004,1533735756,25.7,61.2,615.3,95.4,8,9
1005,1533736055,25.6,61.5,611.5,95.4,8,9
1006,1533736353,25.6,61.8,615.3,81.6,8,9
1007,1533736651,25.6,61.9,615.3,88.1,8,9
1008,1533736950,25.6,62.1,614.1,90.2,8,9
1009,1533737249,25.6,62.1,614.1,97,8,9
1010,1533737548,25.6,62.1,617.9,118.6,9,10
1011,1533737846,25.6,61.9,616.6,125.5,9,10
1012,1533738144,25.6,61.8,616.6,128.9,9,10
1013,1533738443,25.6,61.5,745.7,129.5,9,10
1014,1533738742,25.6,61.3,740.5,135.3,9,10
1015,1533739041,25.6,61.3,744.4,125.7,9,10
1016,1533739340,25.5,61.7,740.5,132.5,10,11
1017,1533739641,25.5,61.6,740.5,127.1,10,11
1018,1533740000,25.5,61.3,740.5,129.5,10,11
1019,1533740235,25.5,61.3,756.1,123.3,10,11
1020,1533740285,25.5,61.3,756.1,123.3,10,11
1021,1533740532,25.5,61.5,758.7,123.5,10,11
1022,1533740832,25.5,61.2,748.3,123.3,10,11
1023,1533741130,25.4,61.3,756.1,131.5,8,9
1024,1533741429,25.4,61.3,734,115,8,9
1025,1533741727,25.3,61.6,749.6,123.7,8,9
1026,1533742026,25.3,61.6,748.3,117.7,8,9
1027,1533742324,25.2,61.8,737.9,113.3,8,9
1028,1533742624,25.2,62.2,749.6,108.5,8,9
1029,1533742922,25.2,62.2,758.7,103.6,7,8
1030,1533743220,25.1,62,753.5,104.1,7,8
1031,1533743518,25.1,61.9,748.3,103.3,7,8
1032,1533743818,25.1,62.1,748.3,91.4,7,8
1033,1533744713,25,62,745.7,83.2,7,8
1034,1533744713,25,61.9,744.4,82.8,7,8
1035,1533744713,25,61.9,737.9,80.5,5,6
1036,1533745009,25,62,735.3,65.5,5,6
1037,1533886405,25.7,63.7,789.9,67.4,12,13
1038,1533886491,25.8,62.7,709.4,67.4,10,11
1039,1533886691,25.9,61.9,712,94.5,10,11
1040,1533886990,26,62.1,706.8,175.6,10,11
1041,1533887288,26,62.3,709.4,241.6,10,11
1042,1533887586,26.1,61.8,709.4,250,10,11
1043,1533887885,26.2,61.3,709.4,214.5,10,11
1044,1533888184,26.2,61.2,709.4,177.6,10,11
1045,1533888483,26.2,61.3,710.7,153,10,11
1046,1533888798,26.2,61.2,709.4,124.1,10,11
1047,1533889095,26.3,61.3,706.8,104.7,10,11
1048,1533889376,26.3,62.1,708.1,85,10,11
1049,1533889692,26.4,62.6,704.2,93.4,10,11
1050,1533889973,26.4,61.4,701.6,90.7,11,12
1051,1533890271,26.4,61.1,705.5,83.2,11,12
1052,1533890569,26.3,61.1,708.1,87.1,11,12
1053,1533890869,26.2,61.3,701.6,79.9,11,12
1054,1533891167,26.2,61.5,701.6,75.2,11,12
1055,1533891465,26.1,61.6,705.5,82.2,11,12
1056,1533891767,26,61.7,701.6,77.6,10,11
1057,1533892063,26,61.5,699.1,67.1,10,11
1058,1533892362,26,61.4,699.1,50.2,10,11
1059,1533892660,25.9,61.7,704.2,53.9,10,11
1060,1533892958,25.9,61.7,702.9,45.8,10,11
1061,1533893257,25.8,61.6,693.9,37.8,10,11
1062,1533893556,25.8,61.9,693.9,27,12,13
1063,1533893855,25.7,61.9,696.5,25,12,13
1064,1533894153,25.7,61.9,697.8,25,12,13
1065,1533894451,25.6,61.9,691.3,25,12,13
1066,1533894751,25.6,61.8,691.3,25.5,12,13
1067,1533895049,25.6,61.8,695.2,25,12,13
1068,1533895348,25.5,61.7,688.7,29.4,13,14
1069,1533895646,25.5,62.1,695.2,25,13,14
1070,1533895944,25.4,62.2,692.6,25,13,14
1071,1533896244,25.4,62.7,687.4,25,13,14
1072,1533896547,25.4,62.6,688.7,31,13,14
1073,1533896841,25.4,63.1,688.7,26.5,13,14
1074,1533897142,25.4,63.4,681,29.6,16,17
1075,1533897438,25.4,63.2,693.9,37.3,16,17
1076,1533897737,25.4,63.6,665.5,37.2,16,17
1077,1533898098,25.3,64.1,669.4,28.2,16,17
1078,1533898334,25.3,64.2,675.8,25,16,17
1079,1533898632,25.3,64.2,678.4,26.3,16,17
1080,1533898932,25.2,64.3,691.3,25,14,15
1081,1533899229,25.2,64.3,83.7,25,14,15
1082,1533899528,25.1,64.3,83.3,25,14,15
1083,1533899826,25.1,64.5,83.9,25,14,15
1084,1533900124,25,64.7,76.6,25,14,15
1085,1533900424,25,64.7,81.2,25,14,15
1086,1533900722,24.9,64.7,83.9,25,14,15
1087,1533901020,24.8,64.8,65.4,25,14,15
1088,1533901319,24.8,65,76.3,25,14,15
1089,1533901618,24.7,65,691.3,25,14,15
1090,1533901918,24.7,65.3,691.3,28.9,14,15
1091,1533902215,24.7,65.5,688.7,27.7,14,15
1092,1533902515,24.7,65.6,686.1,29.5,14,15
1093,1533902813,24.8,65.8,692.6,31.9,14,15
1094,1533903112,24.8,65.9,681,40.3,14,15
1095,1533903410,24.8,66.2,655.2,55.6,14,15
1096,1533903708,24.9,66,670.7,69,14,15
1097,1533904007,25,66.2,683.6,82.6,14,15
1098,1533904306,25,66.1,671.9,99,12,13
1099,1533904605,25,66.1,675.8,110,12,13
1100,1533904904,25,66,673.2,123.3,12,13
1101,1533905202,25.1,65.8,673.2,125.7,12,13
1102,1533905501,25.1,65.8,670.7,125,12,13
1103,1533905800,25.1,66.1,668.1,132.3,12,13
1104,1533906098,25.1,66.1,668.1,131.8,14,15
1105,1533906396,25.1,66,668.1,133.2,14,15
1106,1533906696,25.1,65.6,665.5,131.8,14,15
1107,1533906994,25.1,65.2,669.4,138.6,14,15
1108,1533907293,25.1,65,662.9,143.1,14,15
1109,1533907591,25.2,64.9,668.1,144.1,14,15
1110,1533907891,25.2,64.7,669.4,143.3,13,14
1111,1533908190,25.1,67.8,534.8,144.3,13,14
1112,1533908487,25.1,68.2,678.4,159.3,13,14
1113,1533908786,25,69,678.4,168.3,13,14
1114,1533909084,25,67.8,664.2,179.5,13,14
1115,1533909382,25,67.7,657.8,171.4,13,14
1116,1533909682,24.9,67.6,653.9,175.2,11,12
1117,1533909980,24.9,67.2,652.6,170.8,11,12
1118,1533910279,24.9,67.2,653.9,162.9,11,12
1119,1533910577,24.8,67.1,650,161.5,11,12
1120,1533910876,24.8,67.1,647.5,158.9,11,12
1121,1533911175,24.8,66.9,643.6,154.2,11,12
1122,1533911473,24.7,66.6,656.5,146.5,9,10
1123,1533911772,24.7,66.4,650,148,9,10
1124,1533912070,24.7,65.8,650,148.1,9,10
1125,1533912370,24.6,65.7,650,144.5,9,10
1126,1533912668,24.4,65.9,642.3,136.6,9,10
1127,1533912966,24.4,66.1,642.3,125.4,9,10
1128,1533913282,24.4,66.1,642.3,126.6,10,11
1129,1533913563,24.4,66,641,133.8,10,11
1130,1533913861,24.4,66.4,639.7,121.3,10,11
1131,1533914159,24.4,66.7,639.7,121.8,10,11
1132,1533914458,24.4,67.1,641,125.1,10,11
1133,1533914757,24.4,67.2,637.2,122.2,10,11
1134,1533915056,24.4,67.3,641,125.7,10,11
1135,1533915354,24.4,67.4,637.2,119.2,10,11
1136,1533915652,24.4,67.4,637.2,114.6,10,11
1137,1535535723,24.3,67.5,632,116.9,10,11
1138,1535535723,24.4,67.5,634.6,118.3,10,11
1139,1535535723,24.3,67.6,635.9,98.7,10,11
1140,1535535723,24.3,67.8,632,99.3,9,10
1141,1535535723,24.3,67.5,633.3,93.1,9,10
1142,1535535723,24.4,67.1,629.5,95.9,9,10
1143,1535535723,24.4,67,16.4,87.2,9,10
1144,1535535723,24.4,66.9,16,82.7,9,10
1145,1535535723,24.4,66.8,15.3,83.9,9,10
1146,1535535723,24.4,66.7,14.8,80.3,9,10
1147,1535535723,24.4,66.6,14,77,9,10
1148,1535535723,24.4,66.6,13.4,72.9,9,10
1149,1535535723,24.4,66.7,12.8,68.1,9,10
1150,1535535723,24.3,66.8,12.4,63.8,9,10
1151,1535535723,24.3,67,11.8,65.4,9,10
1152,1535535723,26.4,56.6,767.8,55.4,5,6
1153,1535535765,26.3,58,688.7,37.3,5,6
1154,1535535780,26.5,60.8,808.2,37.3,7,8
1155,1535536050,26.6,54.6,611.5,52.6,7,8
1156,1535536348,26.6,53.9,611.5,108,7,8
1157,1535536647,26.6,53.7,611.5,202.9,7,8
1158,1535536946,26.5,53.7,611.5,250.9,7,8
1159,1535537244,26.5,53.7,611.5,250,7,8
1160,1535537544,26.5,53.8,614.1,238.3,4,5
1161,1535537842,26.6,53.9,611.5,233.4,4,5
1162,1535538140,26.5,53.7,616.6,238.9,4,5
1163,1535538439,26.5,53.9,617.9,230.5,4,5
1164,1535538737,26.5,53.8,615.3,229.9,4,5
1165,1535539036,26.5,53.5,614.1,226.8,4,5
1166,1535539335,26.4,53.2,611.5,218.8,4,5
1167,1535539633,26.4,53.6,611.5,219.1,4,5
1168,1535539932,26.3,53.9,611.5,204.5,4,5
1169,1535540230,26.2,54.1,615.3,202.5,4,5
1170,1535540530,26.2,54.3,614.1,192.8,4,5
1171,1535540828,26.2,54.6,615.3,190.5,4,5
1172,1535541127,26.1,54.8,8.3,189,4,5
1173,1535541424,26.1,55.1,8.2,181.8,4,5
1174,1535541723,26,55.3,619.2,178.5,4,5
1175,1535542022,26,55.3,614.1,174.9,4,5
1176,1535542321,26,55.1,614.1,176.8,4,5
1177,1535542620,26,55,615.3,174.9,4,5
1178,1535542918,26,54.9,611.5,173.4,5,6
1179,1535543217,25.9,54.8,611.5,174.7,5,6
1180,1535543515,25.9,54.8,615.3,170.9,5,6
1181,1535543815,25.9,54.9,611.5,175,5,6
1182,1535544112,25.9,54.9,611.5,171.1,5,6
1183,1535544410,25.9,54.9,611.5,174.5,5,6
1184,1535544710,25.9,55.2,616.6,177.8,4,5
1185,1535545008,25.9,55.3,611.5,178.5,4,5
1186,1535545307,25.9,55.6,598.7,187.8,4,5
1187,1535545605,26,55.8,596.1,186.6,4,5
1188,1535545904,26,55.6,596.1,196.2,4,5
1189,1535546202,26.1,55.3,602.5,199.2,4,5
1190,1535546502,26.1,55.1,596.1,200.4,4,5
1191,1535546800,26.1,55.1,601.2,196.3,4,5
1192,1535547098,26.1,55.1,602.5,200.8,4,5
1193,1535547398,26.1,55.1,601.2,204,4,5
1194,1535547696,26.1,55,598.7,202,4,5
1195,1535547994,26.1,54.9,603.8,206.1,4,5
1196,1535548294,26.1,54.8,601.2,204,4,5
1197,1535548592,26.1,54.4,598.7,214.7,4,5
1198,1535548890,26.1,54.4,601.2,216.5,4,5
1199,1535549189,26.1,54.6,601.2,215.8,4,5
1200,1535549487,26.1,54.5,602.5,207.4,4,5
1201,1535549786,26,54.8,523.3,215.4,4,5
1202,1535550085,26,55,522.1,224.2,4,5
1203,1535550384,26.1,55,522.1,223.7,4,5
1204,1535550684,26.1,55.1,519.5,232.2,4,5
1205,1535550984,26.2,55.4,519.5,228.6,4,5
1206,1535551279,26.2,55.4,525.9,227.3,4,5
1207,1535551578,26.2,55.4,527.2,225.5,4,5
1208,1535551876,26.2,55.7,524.6,221.1,4,5
1209,1535552175,26.2,55.9,527.2,220.9,4,5
1210,1535552473,26.2,55.9,527.2,218.7,4,5
1211,1535552772,26.2,55.8,524.6,215.9,4,5
1212,1535553071,26.2,55.6,527.2,221,4,5
1213,1535553369,26.2,55.6,528.4,213.6,4,5
1214,1535553668,26.1,55.5,524.6,221,5,6
1215,1535553967,26.1,55.6,528.4,214.8,5,6
1216,1535554266,26.1,55.3,527.2,220,5,6
1217,1535554564,26,55,527.2,205.6,5,6
1218,1535554862,26,54.8,524.6,200.9,5,6
1219,1535555162,25.9,54.9,528.4,195.6,5,6
1220,1535555461,25.9,55,524.6,195.5,3,4
1221,1535555759,25.8,55.2,531,188.4,3,4
1222,1535556058,25.8,55.4,527.2,178.8,3,4
1223,1535556356,25.8,55.8,527.2,177.5,3,4
1224,1535556655,25.8,56.1,527.2,184.7,3,4
1225,1535556954,25.8,56.7,527.2,181.1,3,4
1226,1535557252,25.8,57.1,524.6,182.4,4,5
1227,1535557551,25.8,57.6,524.6,182.3,4,5
1228,1535557850,25.8,57.8,524.6,181.2,4,5
1229,1535558148,25.8,57.7,524.6,185.7,4,5
1230,1535558447,25.8,57.4,531,191.4,4,5
1231,1535558746,25.8,57.4,524.6,184.7,4,5
1232,1535559044,25.8,57.3,524.6,188.9,3,4
1233,1535559343,25.8,57.4,527.2,185,3,4
1234,1535559641,25.8,57.6,524.6,190.5,3,4
1235,1535559940,25.7,57.7,524.6,185,3,4
1236,1535560238,25.7,57.8,524.6,189.6,3,4
1237,1535560537,25.7,57.8,525.9,177.4,3,4
1238,1535560837,25.7,57.7,528.4,181.2,3,4
1239,1535561135,25.6,57.7,528.4,180.6,3,4
1240,1535561433,25.6,57.8,390.7,180.9,3,4
1241,1535561732,25.6,57.8,393.2,183.2,3,4
1242,1535562030,25.5,57.7,393.2,172.3,3,4
1243,1535562329,25.5,57.7,390.7,182.9,3,4
1244,1535562628,25.4,57.7,393.2,170.1,3,4
1245,1535562926,25.4,57.9,394.4,176.4,3,4
1246,1535563224,25.3,57.9,394.4,176.6,3,4
1247,1535563524,25.3,58.3,390.7,166.7,3,4
1248,1535563822,25.2,58.2,390.7,156.1,3,4
1249,1535564121,25.1,58.1,393.2,169.1,3,4
1250,1535564419,25.1,58.1,390.7,160.1,2,3
1251,1535564718,25.1,58.1,390.7,152.1,2,3
1252,1535565017,25,58.1,394.4,146.4,2,3
1253,1535565316,24.9,58.1,390.7,141.3,2,3
1254,1535565614,24.9,58.1,0.8,145.6,2,3
1255,1535565913,24.8,58.5,0.8,127,2,3
1256,1535566212,24.7,59.4,0.9,123.9,4,5
1257,1535566510,24.6,61.3,0.8,112.7,4,5
1258,1535566809,24.6,62.6,0.8,102.3,4,5
1259,1535567107,24.5,63.7,0.8,102.1,4,5
1260,1535567406,24.5,64.7,0.8,95.7,4,5
1261,1535567705,24.5,66.3,0.8,74.2,4,5
1262,1535568004,24.5,66.7,0.8,82.1,5,6
1263,1535568302,24.5,67.2,0.8,78.3,5,6
1264,1535568600,24.5,68.3,0.8,69.4,5,6
1265,1535568899,24.5,69,0.8,50.8,5,6
1266,1535569198,24.5,69.4,0.8,61.3,5,6
1267,1535569496,24.5,69.7,0.8,57.4,5,6
1268,1535569796,24.5,70,0.8,51.5,3,4
1269,1535570094,24.5,70.2,0.8,57.3,3,4
1270,1535570393,24.5,70.3,0.8,50.5,3,4
1271,1535570691,24.5,70.5,0.8,53.6,3,4
1272,1535570990,24.6,70.5,0.8,45.1,3,4
1273,1535571288,24.6,69.4,0.8,60.5,3,4
1274,1535624702,26.2,60.3,163.7,37.3,7,8
1275,1535624988,26.3,57.5,560.3,56.5,7,8
1276,1535625287,26.2,57,562.9,116,7,8
1277,1535625585,26.1,57,560.3,226,7,8
1278,1535625884,26,57,564.1,267.4,7,8
1279,1535626183,26,56.7,560.3,250,7,8
1280,1535626482,25.9,56.8,560.3,238.6,5,6
1281,1535626781,25.9,56.7,12.8,230.8,5,6
1282,1535627078,25.8,56.6,12.7,219.8,5,6
1283,1535627377,25.8,56.8,562.9,212.1,5,6
1284,1535627676,25.7,56.9,562.9,209.1,5,6
1285,1535627974,25.7,56.9,560.3,208.9,5,6
1286,1535628272,25.7,57,560.3,194.8,5,6
1287,1535628572,25.6,56.8,560.3,189,5,6
1288,1535628870,25.6,56.7,560.3,185.9,5,6
1289,1535629169,25.6,56.7,564.1,176.9,5,6
1290,1535629467,25.6,56.9,560.3,174.4,5,6
1291,1535629766,25.5,56.9,564.1,167.9,5,6
1292,1535630066,25.5,57.2,560.3,163.4,4,5
1293,1535630363,25.5,57.5,561.6,164.4,4,5
1294,1535630662,25.6,57.3,561.6,172.4,4,5
1295,1535630960,25.6,57.5,561.6,172.3,4,5
1296,1535631259,25.6,57.5,561.6,175.6,4,5
1297,1535631558,25.6,57.4,561.6,172.7,4,5
1298,1535631856,25.6,57.1,557.7,174.7,4,5
1299,1535632155,25.7,57,557.7,173,4,5
1300,1535632453,25.7,56.9,559,181.6,4,5
1301,1535632753,25.7,57.1,555.2,182.9,4,5
1302,1535633051,25.7,57.2,539.9,184.5,4,5
1303,1535633349,25.8,57.2,543.7,187.4,4,5
1304,1535633648,25.7,57.2,496.7,182.4,4,5
1305,1535633947,25.6,57.6,496.7,182.4,4,5
1306,1535634245,25.7,57.6,496.7,187.4,4,5
1307,1535634544,25.7,58.3,494.1,191.3,4,5
1308,1535634842,25.8,58.6,491.6,197.6,4,5
1309,1535635141,25.8,58.8,494.1,201.1,4,5
1310,1535635440,25.9,59.1,495.4,208.2,5,6
1311,1535635738,25.9,59.4,494.1,211.1,5,6
1312,1535636037,25.8,59.7,491.6,223.7,5,6
1313,1535636335,25.7,59.4,491.6,230.3,5,6
1314,1535636635,25.6,59.6,491.6,235.5,5,6
1315,1535636933,25.5,60.3,491.6,229.6,5,6
1316,1535637231,25.4,60.7,495.4,231.8,5,6
1317,1535637530,25.4,60.2,538.6,239,5,6
1318,1535637829,25.3,59.6,538.6,238.1,5,6
1319,1535638128,25.1,59.3,534.8,230.8,5,6
1320,1535638426,24.9,59.9,534.8,209.3,5,6
1321,1535638724,25,59.9,534.8,205.7,5,6
1322,1535639023,25.1,59.9,534.8,197.4,4,5
1323,1535639321,25.1,59.8,534.8,203,4,5
1324,1535639620,25.2,59.7,534.8,195.1,4,5
1325,1535639919,25.2,59.7,537.3,190.7,4,5
1326,1535640218,25.3,59.7,534.8,192.1,4,5
1327,1535640516,25.3,59.7,534.8,192.2,4,5
1328,1535640815,25.3,59.6,536.1,185.9,4,5
1329,1535641114,25.3,59.6,536.1,186.1,4,5
1330,1535641412,25.3,59.9,536.1,186.6,4,5
1331,1535641710,25.3,60.4,532.3,187,4,5
1332,1535642009,25.4,60.9,536.1,191.6,4,5
1333,1535642308,25.4,63.2,528.4,204.4,4,5
1334,1535642607,25.5,62.6,527.2,219.3,5,6
1335,1535642905,25.6,62.3,527.2,230.2,5,6
1336,1535643204,25.6,62.3,541.2,247.9,5,6
1337,1535643503,25.7,62.2,539.9,250,5,6
1338,1535643801,25.7,62.9,524.6,250,5,6
1339,1535644099,25.7,62.5,556.5,250,5,6
1340,1535644399,25.8,61.8,524.6,250,5,6
1341,1535644697,25.9,61.5,561.6,250,5,6
1342,1535644996,26,61.2,560.3,250,5,6
1343,1535645294,25.9,60.9,552.6,229.8,5,6
1344,1535645593,25.8,60.9,552.6,230.7,5,6
1345,1535645892,25.8,60.6,553.9,233.8,5,6
1346,1535646191,25.8,60.1,550.1,224.9,4,5
1347,1535646489,25.7,59.8,489.1,220.3,4,5
1348,1535646787,25.7,59.6,489.1,217.9,4,5
1349,1535647086,25.7,59.7,489.1,215.3,4,5
1350,1535647385,25.7,59.4,490.3,201.7,4,5
1351,1535647683,25.7,59.4,490.3,207.2,4,5
1352,1535647982,25.7,59.2,489.1,196.2,6,7
1353,1535648280,25.7,59,486.5,198.1,6,7
1354,1535648580,25.6,58.9,486.5,189.9,6,7
1355,1535648878,25.6,59,490.3,185.9,6,7
1356,1535649176,25.6,59.3,486.5,179.7,6,7
1357,1535649474,25.5,59.5,486.5,187.3,6,7
1358,1535649774,25.5,59.6,487.8,180.1,6,7
1359,1535650071,25.5,59.6,486.5,170.2,6,7
1360,1535650370,25.5,59.8,486.5,167.4,6,7
1361,1535650669,25.4,59.8,486.5,164.3,6,7
1362,1535650967,25.4,59.9,486.5,157.9,6,7
1363,1535651266,25.3,59.9,486.5,164.4,6,7
1364,1535651566,25.3,59.9,487.8,151.2,5,6
1365,1535651863,25.2,59.9,484,138.7,5,6
1366,1535652162,25.2,59.7,486.5,136.8,5,6
1367,1535652460,25.1,60.8,484,121,5,6
1368,1535652759,25,62.5,484,109.3,5,6
1369,1535653058,25,64.2,487.8,106.4,5,6
1370,1535653356,25,65.5,487.8,101.5,5,6
1371,1535653655,25,66.9,484,96.7,5,6
1372,1535653955,24.9,68,487.8,98.2,5,6
1373,1535654253,24.9,69.1,484,82.7,5,6
1374,1535654552,24.9,70.1,484,79.3,5,6
1375,1535654849,24.9,70.8,0.9,66.2,5,6
1376,1535655148,24.9,71.6,0.9,65.4,5,6
1377,1535655447,24.9,72.4,0.9,51.9,5,6
1378,1535655745,24.9,73,0.9,51.2,5,6
1379,1535656044,24.9,73.4,0.9,49.9,5,6
1380,1535656343,24.9,73.8,0.9,41.3,5,6
1381,1536049785,24,63.1,650,37.3,4,5
1382,1536049803,24.1,62,971.2,37.3,4,5
1383,1536049894,24.2,61,386.9,37.3,3,4
1384,1536050068,24.2,60.6,386.9,50.9,3,4
1385,1536050368,24.1,61,389.4,92.6,3,4
1386,1536050666,24,61.5,388.2,165.9,3,4
1387,1536050964,23.9,61.5,381.9,250,3,4
1388,1536051263,23.9,61.5,380.6,249.8,3,4
1389,1536052454,23.9,61.5,380.6,247,6,7
1390,1536052454,24,61.2,383.1,250,6,7
1391,1536052454,24.1,60.9,380.6,245.1,6,7
1392,1536052454,24.1,60.8,383.1,248.6,6,7
1393,1536052753,24.1,60.7,380.6,243.6,6,7
1394,1536053052,24.1,60.8,390.7,249.9,6,7
1395,1536053351,24.2,60.6,396.9,249.9,3,4
1396,1536053649,24.3,60.5,398.2,250,3,4
1397,1536053947,24.3,60.3,398.2,248.3,3,4
1398,1536054246,24.3,60,400.7,250,3,4
1399,1536055141,24.4,59.7,403.2,250,3,4
1400,1536055141,24.5,59.4,408.3,243.5,3,4
1401,1536055141,24.6,59.2,438.5,246.3,4,5
1402,1536055438,24.6,59,451.1,246,4,5
1403,1536055737,24.7,58.8,433.4,249.2,4,5
1404,1536216693,24.6,58.6,458.7,239.6,4,5
1405,1536216693,24.7,58.2,456.2,244,4,5
1406,1536216693,24.8,58,438.5,238.2,4,5
1407,1536216693,24.9,58,433.4,245.3,4,5
1408,1536216693,25,57.9,441,239.6,4,5
1409,1536216693,25,57.8,452.4,239.5,4,5
1410,1536216693,25.1,57.7,418.3,240.7,4,5
1411,1536216693,25.1,57.5,396.9,241.9,4,5
1412,1536216693,25.1,57.5,390.7,241.3,4,5
1413,1536216693,25.1,57.3,404.5,237.7,4,5
1414,1536216693,25.1,57.2,438.5,229.5,4,5
1415,1536216693,25.1,57.1,438.5,232,4,5
1416,1536216693,25.1,57.2,433.4,223.9,4,5
1417,1536216693,25.1,57.2,430.9,216.6,4,5
1418,1536216693,25.1,57.1,425.9,216.6,4,5
1419,1536216693,24.2,61.7,15.7,205.7,8,9
1420,1536216924,24.2,60,375.6,189.5,8,9
1421,1536217222,24.2,60.3,378.1,201.9,8,9
1422,1536217521,24.2,60.1,373.1,216.7,8,9
1423,1536217819,24.2,60.1,378.1,203,8,9
1424,1536218119,24.2,60,378.1,205,6,7
1425,1536218417,24.2,60,355.6,235.7,6,7
1426,1536218716,24.3,60,366.8,211.7,6,7
1427,1536219014,24.3,59.9,383.1,222.7,6,7
1428,1536219313,24.3,59.5,383.1,224.7,6,7
1429,1536219611,24.3,59.1,384.4,218.6,6,7
1430,1536219910,24.2,59.2,384.4,180.6,4,5
1431,1536220208,24.2,59.6,383.1,172.5,4,5
1432,1536220507,24.3,60.1,263.8,173.6,4,5
1433,1536220805,24.3,59.9,383.1,175.3,4,5
1434,1536221105,24.4,59.5,383.1,182.7,4,5
1435,1536221404,24.4,59.5,385.6,182.4,4,5
1436,1536221702,24.4,59.3,386.9,173.1,6,7
1437,1536222001,24.5,59.3,385.6,173.3,6,7
1438,1536222300,24.5,59.2,385.6,166.9,6,7
1439,1536222598,24.5,59.4,386.9,168.8,6,7
1440,1536222896,24.5,60.7,380.6,175.7,6,7
1441,1536223195,24.6,60.9,383.1,202.6,6,7
1442,1536223494,24.7,60.9,383.1,237,5,6
1443,1536223792,24.9,61.2,385.6,250,5,6
1444,1536224091,25,61.4,386.9,250,5,6
1445,1536224389,25.1,61.2,385.6,250,5,6
1446,1536224690,25.2,61.2,386.9,250,5,6
1447,1536224986,25.3,61.1,380.6,250,5,6
1448,1536225286,25.3,60.3,389.4,250,5,6
1449,1536225584,25.3,59.5,388.2,250,5,6
1450,1536225882,25.3,59.2,380.6,242.9,5,6
1451,1536226181,25.2,58.8,385.6,237.8,5,6
1452,1536226479,25.2,58.6,393.2,220.1,5,6
1453,1536226778,25.2,58.7,394.4,218.2,5,6
1454,1536227077,25.2,58.3,395.7,205.9,5,6
1455,1536227376,25.2,57.9,404.5,189.9,5,6
1456,1536227674,25.1,57.8,408.3,182.9,5,6
1457,1536227973,25.1,58,413.3,174.1,5,6
1458,1536228271,25.1,58,423.4,159.2,5,6
1459,1536228570,25.2,58,428.4,153.5,5,6
1460,1536228869,25.2,57.8,430.9,160.5,8,9
1461,1536229167,25.2,57.7,438.5,153.6,8,9
1462,1536229466,25.2,57.4,441,141.6,8,9
1463,1536229765,25.2,57.3,430.9,152.7,8,9
1464,1536230063,25.2,57.3,438.5,156.8,8,9
1465,1536230362,25.2,57.4,437.2,157.6,8,9
1466,1536230660,25.2,57.3,433.4,160.9,5,6
1467,1536230960,25.3,56.9,432.2,152.7,5,6
1468,1536231257,25.3,56.8,436,160.6,5,6
1469,1536231559,25.3,56.8,433.4,161.7,5,6
1470,1536231854,25.3,56.7,434.7,156.4,5,6
1471,1536232153,25.3,56.5,428.4,135.9,5,6
1472,1536232452,25.3,56.5,428.4,140.2,5,6
1473,1536232751,25.3,56.4,420.8,131.1,5,6
1474,1536233049,25.3,56.4,378.1,132.5,5,6
1475,1536233348,25.3,56.6,427.1,128,5,6
1476,1536233647,25.3,56.7,420.8,125.2,5,6
1477,1536233945,25.3,56.7,420.8,114.5,5,6
1478,1536234244,25.3,56.7,422.1,116.9,5,6
1479,1536234542,25.3,56.7,420.8,108.2,5,6
1480,1536234842,25.3,56.8,420.8,108.3,5,6
1481,1536235140,25.2,56.9,420.8,111.1,5,6
1482,1536235438,25.2,57,418.3,110.4,5,6
1483,1536235737,25.2,57.3,413.3,109.5,5,6
1484,1536236036,25.2,57.5,408.3,106.9,4,5
1485,1536236334,25.2,57.5,408.3,95.6,4,5
1486,1536236633,25.2,58,408.3,120.7,4,5
1487,1536236932,25.3,58,405.7,118.7,4,5
1488,1536237231,25.3,58.1,403.2,135.5,4,5
1489,1536237529,25.3,58,413.3,141.4,4,5
1490,1536237827,25.3,57.8,402,143.3,6,7
1491,1536238191,25.3,57.6,402,149.7,6,7
1492,1536238424,25.3,57.5,410.8,154.9,6,7
1493,1536238722,25.3,57.4,408.3,150.6,6,7
1494,1536239022,25.3,57.6,389.4,163.3,6,7
1495,1536239320,25.3,57.8,402,169.5,6,7
1496,1536239619,25.3,57.9,399.5,183.8,4,5
1497,1536239917,25.3,58,393.2,184.2,4,5
1498,1536240216,25.3,58,393.2,187.4,4,5
1499,1536240514,25.3,57.9,388.2,206.4,4,5
1500,1536240813,25.3,58.2,389.4,188.6,4,5
1501,1536241112,25.4,59.5,381.9,197.8,4,5
1502,1536241411,25.5,59.7,385.6,237.4,5,6
1503,1536241710,25.7,60.2,380.6,250,5,6
1504,1536242007,25.8,60.3,380.6,250,5,6
1505,1536242307,25.9,60.4,378.1,250,5,6
1506,1536242605,26,60.7,379.4,250,5,6
1507,1536242904,26,59.6,385.6,250,5,6
1508,1536243204,26.1,58.6,385.6,250,4,5
1509,1536243508,26,58.4,388.2,247.8,4,5
1510,1536243799,26,58.2,383.1,239.8,4,5
1511,1536244098,26,57.9,383.1,235.3,4,5
1512,1536244398,26,57.7,385.6,225.5,4,5
1513,1536244696,26,57.9,381.9,216.3,4,5
1514,1536244994,26,57.8,385.6,214.6,4,5
1515,1536245293,26,57.7,381.9,216.2,4,5
1516,1536245591,25.9,57.6,383.1,214.2,4,5
1517,1536245890,25.9,57.5,388.2,218.7,4,5
1518,1536246189,25.9,57.2,378.1,211.7,4,5
1519,1536246487,25.9,57.1,375.6,213.7,4,5
1520,1536246787,25.9,57.1,373.1,204,4,5
1521,1536247086,25.9,57,370.6,204.1,4,5
1522,1536247384,25.9,56.9,370.6,197.6,4,5
1523,1536247682,25.8,57.2,371.9,191.2,4,5
1524,1536247981,25.8,57.4,375.6,198.8,4,5
1525,1536248280,25.8,57.5,375.6,186.8,4,5
1526,1536248578,25.8,57.5,373.1,174.9,4,5
1527,1536248877,25.8,57.5,375.6,189.9,4,5
1528,1536249175,25.8,57.5,375.6,177.5,4,5
1529,1536249474,25.8,57.5,375.6,174.6,4,5
1530,1536249773,25.8,57.5,378.1,166.3,4,5
1531,1536395870,25.8,58.9,3779.6,37.3,13,14
1532,1536395894,26,59.1,1145.7,37.3,12,13
1533,1536395939,26.1,59,1233.1,37.3,12,13
1534,1536396129,26.5,59.6,1279.1,66.2,10,11
1535,1536397022,26.9,56.7,1021.6,153,11,12
1536,1536397022,27.2,57.1,1017.6,297.6,11,12
1537,1536397022,27.6,56.7,1121.6,328,13,14
1538,1536397321,28,54.9,1160.5,250,10,11
1539,1536397620,28.3,54.1,1173.9,232,12,13
1540,1536397919,28.5,54.1,1171.2,216.2,10,11
1541,1536398229,28.7,52.7,1192.7,208.8,9,10
1542,1536398516,29,53.1,1186,193.6,8,9
1543,1536398814,29,51,1217,185.2,10,11
1544,1536399118,29.2,51.8,1179.3,180.2,10,11
1545,1536399430,29.7,53,1192.7,169.1,12,13
1546,1536400008,29.7,53,1192.7,169.1,12,13
1547,1536400008,30,51.3,1206.2,169.9,15,16
1548,1536400008,29.7,49.1,1179.3,164.3,12,13
1549,1536400308,29.8,50.4,1249.3,153.8,13,14
1550,1536400606,29.8,50.6,1287.2,152.5,31,33
1551,1536400904,30.1,48.9,1190,155.2,12,13
1552,1536401203,30.3,49,1165.8,151.7,11,12
1553,1536401538,30.3,47.4,1344.3,157.1,12,13
1554,1536402096,30.3,50.7,1368.8,133.7,13,14
1555,1536402096,30.6,48.9,1352.4,132.4,11,12
1556,1536402395,30.7,48.4,1371.5,134.7,11,12
1557,1536402693,30.7,46.2,1371.5,135,10,11
1558,1536403119,30.7,45.8,1357.9,128.3,10,11
1559,1536403887,30.7,46.1,1360.6,127.4,10,11
1560,1536403887,30.9,47.1,1420.6,113.4,10,11
1561,1536403887,30.8,44.5,1387.8,115.8,8,9
1562,1536404187,30.6,46.6,1409.7,101.7,13,14
1563,1536404485,30.7,45.5,1303.5,97.5,9,10
1564,1536405379,30.7,45.2,1273.7,96.5,11,12
1565,1536405379,31,46.5,1431.6,93.5,9,10
1566,1536405379,31.2,39.4,1558,118.3,7,8
1567,1536405677,30.9,40.3,1649.3,104.1,7,8
1568,1536405976,31,40.8,1605,97,11,12
1569,1536406275,30.9,42.3,1593.9,82.3,8,9
1570,1536406573,31.2,43.1,1602.2,79.2,10,11
1571,1536406872,31.5,44.1,1546.9,80.2,7,8
1572,1536407765,31.2,41.3,1566.3,82.2,7,8
1573,1536407765,31.4,42.8,1632.7,71.7,9,10
1574,1536407765,31.5,41,1133.6,82.2,10,11
1575,1536408064,31.5,40.9,1649.3,74.3,12,13
1576,1536408958,31.4,43.3,1616,64.6,13,14
1577,1536408958,31.2,42.8,1563.5,60.6,10,11
1578,1536408958,31,41.5,831.7,52.2,9,10
1579,1536409256,30.5,42.3,892,48,24,25
1580,1536409556,30.3,44,1505.6,35.5,12,13
1581,1536409854,29.7,45.9,1530.4,27.9,13,14
1582,1536410153,29.4,45.6,1179.3,32.1,12,13
1583,1536410451,29.2,48,871,25,16,17
1584,1536410749,28.9,47.4,923.6,25,14,15
1585,1536411048,28.7,48.8,1254.8,25,16,17
1586,1536411347,28.8,48.4,1360.6,29.2,17,18
1587,1536411649,29,49.1,984.4,25,14,15
1588,1536411944,29.1,46.5,968.5,37.6,11,12
1589,1536412242,28.9,47.8,943.4,33.9,11,12
1590,1536412542,29.5,48,1355.1,37,13,14
1591,1536413276,30.2,45.4,1491.9,37.3,11,12
1592,1536413292,30.4,44.1,1230.4,37.3,11,12
1593,1536413564,30.3,45.9,728.8,40.2,11,12
1594,1536413895,30,44.9,569.2,51.1,11,12
1595,1536415349,29.9,44.9,991,71.9,11,12
1596,1536415349,30.1,45.8,571.8,102.4,11,12
1597,1536415349,30.2,45.8,902.6,120.9,11,12
1598,1536415349,30.2,47.3,1026.9,119.3,9,10
1599,1536415349,29.9,44.9,675.8,138,9,10
1600,1536415649,29.3,47.2,632,115.3,9,10
1601,1536415946,29.1,47,644.9,106.1,9,10
1602,1536416245,29,46,923.6,106.7,9,10
1603,1536416543,29,46.9,598.7,92.8,9,10
1604,1536416842,28.9,48.2,571.8,67.7,12,13
1605,1536417140,29,47.7,466.3,89.6,12,13
1606,1536417442,28.9,47.8,478.9,92.7,12,13
1607,1536417738,28.5,49.4,476.4,89.7,12,13
1608,1536418631,28.7,49.1,560.3,92.8,12,13
1609,1536418631,28.5,49.3,560.3,109,12,13
1610,1536418631,28.6,50.3,635.9,131.9,16,17
1611,1536418929,28.5,50.7,587.1,151.1,16,17
1612,1536419229,28.1,49.8,429.7,152.6,16,17
1613,1536419527,28.2,50.4,557.7,149.7,16,17
1614,1536419825,28,49.9,864.5,165.8,16,17
1615,1536420124,27.8,51,923.6,157.2,16,17
1616,1536420423,27.8,51.4,844.8,147.3,17,18
1617,1536421339,27.9,49.5,737.9,155.7,17,18
1618,1536421339,28,50.5,660.3,158.8,17,18
1619,1536421339,28.1,49.4,489.1,162.9,17,18
1620,1536422508,28.1,50.3,518.3,172.5,17,18
1621,1536422508,28.2,49.6,484,189,17,18
1622,1536422508,28,50.3,466.3,191.4,18,19
1623,1536422508,28,49.9,358.1,202.4,18,19
1624,1536423417,28,50.2,405.7,196.6,18,19
1625,1536423417,27.9,49.7,355.6,204.5,18,19
1626,1536423417,27.8,49.9,355.6,210.9,18,19
1627,1536478975,26,59,922.3,37.3,13,14
1628,1536478975,25.4,58.8,1248,66.2,13,14
1629,1536478975,25.5,59.3,1241.2,153,13,14
1630,1536478975,25.7,59.1,1289.9,153,9,10
1631,1536479006,25.7,59.3,1300.8,153,10,11
1632,1536479048,25.6,60.3,1292.7,297.6,10,11
1633,1536479345,25.2,62.2,1368.8,342.6,10,11
1634,1536479643,25.8,60.8,1390.6,250,10,11
1635,1536479942,25.6,59.3,1379.7,229.8,12,13
1636,1536480241,25.8,59.4,1437,206.9,12,13
1637,1536480540,26.2,58.9,1374.2,189,12,13
1638,1536480838,26.3,57.6,1401.5,182.2,12,13
1639,1536481137,26.5,57,1541.4,176.2,12,13
1640,1536481436,27,55.9,1508.4,162.6,12,13
1641,1536481735,27.3,54.7,1616,151.7,24,25
1642,1536482033,26.6,55.5,1652.1,149.6,24,25
1643,1536482332,26.9,54.3,1649.3,138.9,24,25
1644,1536482630,27.6,53.8,1704.9,126,24,25
1645,1536482928,27.8,50.9,1718.8,123,24,25
1646,1536483227,28.3,51.3,1738.3,128.9,24,25
1647,1536483527,28.3,50.2,1769.1,133.8,14,15
1648,1536483825,28.1,52.7,1771.8,118.7,14,15
1649,1536484123,27.6,51.9,1819.4,121.2,14,15
1650,1536484423,28.2,49.5,1827.9,119.2,14,15
1651,1536484721,28.7,51.3,1760.7,115.7,14,15
1652,1536485019,28.3,50.3,1864.3,117.8,14,15
1653,1536485319,28.8,51.5,1839.1,107.2,17,18
1654,1536485616,28.9,51,1566.3,105.2,17,18
1655,1536485916,29,49.1,1535.9,116.4,17,18
1656,1536486214,29.2,50.4,1909.4,121.7,17,18
1657,1536568184,23.8,63.7,171.1,37.3,8,9
1658,1536568184,24,62.4,388.2,66.2,8,9
1659,1536568184,24,62.2,388.2,66.2,5,6
1660,1536568355,24,61.9,391.9,153,5,6
1661,1536568653,24.1,61.6,388.2,297.6,5,6
1662,1536568951,24.1,61.5,388.2,393.8,5,6
1663,1536569250,24.1,61.6,391.9,284.2,5,6
1664,1536569550,24.1,61.7,388.2,250,3,4
1665,1536569847,24.1,61.7,391.9,240.7,3,4
1666,1536570146,24.1,61.8,388.2,230.6,3,4
1667,1536570444,24.2,61.7,388.2,222.9,3,4
1668,1536570743,24.3,61.7,390.7,219.7,3,4
1669,1536571042,24.4,61.6,388.2,217.2,3,4
1670,1536571342,24.4,61.7,390.7,212.1,7,8
1671,1536571639,24.5,61.5,388.2,210.9,7,8
1672,1536571938,24.6,61.6,388.2,210.9,7,8
1673,1536572236,24.6,61.5,388.2,205,7,8
1674,1536572535,24.6,61.5,393.2,206.6,7,8
1675,1536572834,24.7,61.3,396.9,207.1,7,8
1676,1536573132,24.7,60.9,395.7,202.3,5,6
1677,1536573430,24.8,60.7,410.8,199,5,6
1678,1536573729,24.8,60.3,413.3,200.5,5,6
1679,1536574028,24.8,60,415.8,190.5,5,6
1680,1536574326,24.8,60,423.4,191.7,5,6
1681,1536574626,24.8,60.1,430.9,190.8,5,6
1682,1536574925,24.8,60,433.4,184.3,5,6
1683,1536575222,24.8,60,441,185.2,5,6
1684,1536575521,24.8,60,442.3,183,5,6
1685,1536575819,24.9,60.1,441,178.3,5,6
1686,1536576118,24.9,60.1,438.5,177.5,5,6
1687,1536576417,24.9,60,436,177.5,5,6
1688,1536576715,24.9,59.9,444.8,171.5,5,6
1689,1536577014,24.9,59.7,438.5,171.3,5,6
1690,1536577313,24.9,59.6,437.2,167.6,5,6
1691,1536577611,25,59.5,430.9,167,5,6
1692,1536577910,24.9,59.5,428.4,160.6,5,6
1693,1536578208,24.9,59.5,427.1,157.4,5,6
1694,1536578507,24.9,59.5,425.9,160.7,5,6
1695,1536578806,24.9,59.3,58.5,151.3,5,6
1696,1536579105,24.9,59.2,56.6,148.8,5,6
1697,1536579403,24.9,59.1,58.5,147.3,5,6
1698,1536579701,24.9,59.1,60.6,143.1,5,6
1699,1536579999,24.9,59.2,61.5,139.7,5,6
1700,1536580299,24.8,59.4,438.5,142.9,3,4
1701,1536580597,24.8,59.6,423.4,138.5,3,4
1702,1536580896,24.8,59.6,427.1,136.9,3,4
1703,1536581194,24.8,59.5,425.9,138.8,3,4
